0007
0035
0042
0049
0071
0083
0091
0110
0114
0126
0138
0174
0211
0227
0260
0268
0289
0311
0328
0335
0347
0356
0360
0367
0382
0441
0449
0475
0482
0498
0531
0539
0589
0623
0652
0737
0753
0785
0914
0920
0926
1018
1023
1037
1089
1106
1146
1153
1160
1190
1204
1282
1300
1309
1312
1322
1326
1332
1339
1350
1363
1372
1377
1384
1401
1405
1414
1420
1430
1470
1484
1488
1490
1493
1497
1498
1512
1517
1521
1524
1536
1538
1546
1547
1561
1573
1590
1603
1616
1626
1627
1632
1640
1648
1657
1665
1682
1696
1708
1744
1759
1784
1787
1801
1811
1817
1830
1842
1850
1861
1867
1879
1882
1896
1906
1913
1925
1931
1936
1944
1954
1958
1969
1975
1987
1997
2008
2012
2032
2039
2047
2052
2060
2066
2071
2079
2082
2101
2114
2127
2134
2141
2148
2154
2164
2168
2173
2179
2187
2193
2207
2216
2225
2234
2242
2252
2263
2264
2271
2277
2285
2294
2298
2299
2304
2307
2314
2323
2334
2340
2345
2348
2366
2378
2399
2402
2420
2423
2426
2434
2437
2441
2445
2450
2454
2464
2470
2474
2479
2489
2494
2501
2503
2516
2524
2528
2538
2549
2556
2565
2567
2577
2594
2602
2609
2614
2617
2623
2632
2636
2657
2665
2679
2692
2704
2715
2724
2731
2732
2741
2754
2760
2770
2779
2790
2795
2802
2825
2838
2844
2874
2877
2884
2889
2892
2897
2902
2907
2913
2918
2937
2942
2945
2951
2954
2957
2959
2963
2967
2969
2975
2982
2987
2991
2996
3000
3003
3011
3023
3026
3034
3037
3039
3045
3052
3054
3064
3074
3081
3091
3092
3098
3104
3115
3122
3124
3126
3138
3142
3147
3151
3160
3164
3172
3187
3190
3202
3213
3218
3221
3226
3228
3234
3242
3244
3248
3252
3256
3261
3263
3268
3272
3278
3280
3286
3293
3299
3306
3311
3315
3324
3330
3335
3343
3346
3353
3355
3372
3382
3389
3397
3400
3405
3412
3414
3428
3435
3439
3444
3456
3475
3481
3487
3494
3511
3522
3536
3539
3548
3552
3557
3561
3564
3570
3574
3579
3591
3603
3615
3622
3640
3649
3654
3664
3687
3692
3699
3707
3711
3720
3736
3745
3750
3755
3762
3767
3774
3779
3785
3790
