0006
0007
0008
0034
0035
0036
0041
0042
0043
0048
0049
0050
0070
0071
0072
0082
0083
0084
0090
0091
0092
0099
0100
0101
0104
0105
0106
0109
0110
0111
0113
0114
0115
0125
0126
0127
0137
0138
0139
0156
0157
0158
0173
0174
0175
0210
0211
0212
0226
0227
0228
0259
0260
0261
0267
0268
0269
0288
0289
0290
0310
0311
0312
0327
0328
0329
0334
0335
0336
0346
0347
0348
0355
0356
0357
0359
0360
0361
0366
0367
0368
0381
0382
0383
0440
0441
0442
0448
0449
0450
0474
0475
0476
0481
0482
0483
0497
0498
0499
0530
0531
0532
0538
0539
0540
0588
0589
0590
0622
0623
0624
0651
0652
0653
0736
0737
0738
0752
0753
0754
0784
0785
0786
0808
0809
0810
0913
0914
0915
0919
0920
0921
0925
0926
0927
1017
1018
1019
1022
1023
1024
1036
1037
1038
1088
1089
1090
1105
1106
1107
1145
1146
1147
1152
1153
1154
1159
1160
1161
1189
1190
1191
1203
1204
1205
1267
1268
1269
1281
1282
1283
1299
1300
1301
1311
1312
1313
1321
1322
1323
1325
1326
1327
1331
1332
1333
1338
1339
1340
1349
1350
1351
1362
1363
1364
1371
1372
1373
1383
1384
1385
1400
1401
1402
1413
1414
1415
1419
1420
1421
1469
1470
1471
1483
1484
1485
1489
1490
1491
1497
1498
1499
1511
1512
1513
1520
1521
1522
1523
1524
1525
1536
1537
1538
1546
1547
1548
1560
1561
1562
1572
1573
1574
1589
1590
1591
1602
1603
1604
1615
1616
1617
1625
1626
1627
1631
1632
1633
1639
1640
1641
1647
1648
1649
1656
1657
1658
1664
1665
1666
1681
1682
1683
1695
1696
1697
1707
1708
1709
1743
1744
1745
1758
1759
1760
1783
1784
1785
1786
1787
1788
1800
1801
1802
1810
1811
1812
1816
1817
1818
1829
1830
1831
1841
1842
1843
1849
1850
1851
1860
1861
1862
1866
1867
1868
1878
1879
1880
1881
1882
1883
1895
1896
1897
1905
1906
1907
1912
1913
1914
1924
1925
1926
1930
1931
1932
1934
1935
1936
1943
1944
1945
1953
1954
1955
1957
1958
1959
1968
1969
1970
1974
1975
1976
1986
1987
1988
1996
1997
1998
2007
2008
2009
2011
2012
2013
2031
2032
2033
2038
2039
2040
2046
2047
2048
2051
2052
2053
2059
2060
2061
2065
2066
2067
2070
2071
2072
2078
2079
2080
2081
2082
2083
2100
2101
2102
2113
2114
2115
2126
2127
2128
2133
2134
2135
2140
2141
2142
2147
2148
2149
2153
2154
2155
2163
2164
2165
2167
2168
2169
2172
2173
2174
2178
2179
2180
2186
2187
2188
2192
2193
2194
2198
2199
2200
2206
2207
2208
2215
2216
2217
2224
2225
2226
2233
2234
2235
2241
2242
2243
2251
2252
2253
2262
2263
2264
2270
2271
2272
2276
2277
2278
2293
2294
2295
2297
2298
2299
2306
2307
2308
2313
2314
2315
2322
2323
2324
2333
2334
2335
2339
2340
2341
2344
2345
2346
2347
2348
2349
2365
2366
2367
2377
2378
2379
2398
2399
2400
2401
2402
2403
2419
2420
2421
2422
2423
2424
2425
2426
2427
2433
2434
2435
2436
2437
2438
2440
2441
2442
2444
2445
2446
2449
2450
2451
2453
2454
2455
2463
2464
2465
2469
2470
2471
2473
2474
2475
2478
2479
2480
2489
2490
2491
2493
2494
2495
2500
2501
2502
2502
2503
2504
2515
2516
2517
2523
2524
2525
2527
2528
2529
2537
2538
2539
2548
2549
2550
2555
2556
2557
2564
2565
2566
2576
2577
2578
2593
2594
2595
2601
2602
2603
2608
2609
2610
2613
2614
2615
2616
2617
2618
2622
2623
2624
2631
2632
2633
2635
2636
2637
2656
2657
2658
2664
2665
2666
2678
2679
2680
2691
2692
2693
2703
2704
2705
2714
2715
2716
2723
2724
2725
2730
2731
2732
2735
2736
2737
2740
2741
2742
2753
2754
2755
2759
2760
2761
2769
2770
2771
2778
2779
2780
2789
2790
2791
2794
2795
2796
2801
2802
2803
2824
2825
2826
2837
2838
2839
2843
2844
2845
2873
2874
2875
2876
2877
2878
2883
2884
2885
2888
2889
2890
2896
2897
2898
2901
2902
2903
2906
2907
2908
2912
2913
2914
2917
2918
2919
2936
2937
2938
2941
2942
2943
2944
2945
2946
2950
2951
2952
2953
2954
2955
2956
2957
2958
2958
2959
2960
2962
2963
2964
2966
2967
2968
2967
2968
2969
2968
2969
2970
2974
2975
2976
2981
2982
2983
2986
2987
2988
2990
2991
2992
2995
2996
2997
2999
3000
3001
3010
3011
3012
3022
3023
3024
3025
3026
3027
3033
3034
3035
3036
3037
3038
3038
3039
3040
3044
3045
3046
3051
3052
3053
3053
3054
3055
3063
3064
3065
3073
3074
3075
3080
3081
3082
3090
3091
3092
3091
3092
3093
3097
3098
3099
3103
3104
3105
3114
3115
3116
3121
3122
3123
3123
3124
3125
3125
3126
3127
3137
3138
3139
3141
3142
3143
3146
3147
3148
3150
3151
3152
3159
3160
3161
3163
3164
3165
3171
3172
3173
3186
3187
3188
3189
3190
3191
3201
3202
3203
3212
3213
3214
3217
3218
3219
3220
3221
3222
3225
3226
3227
3233
3234
3235
3241
3242
3243
3243
3244
3245
3251
3252
3253
3255
3256
3257
3260
3261
3262
3262
3263
3264
3267
3268
3269
3271
3272
3273
3277
3278
3279
3279
3280
3281
3285
3286
3287
3292
3293
3294
3298
3299
3300
3305
3306
3307
3310
3311
3312
3314
3315
3316
3323
3324
3325
3329
3330
3331
3334
3335
3336
3342
3343
3344
3345
3346
3347
3352
3353
3354
3354
3355
3356
3371
3372
3373
3381
3382
3383
3396
3397
3398
3400
3401
3402
3404
3405
3406
3411
3412
3413
3413
3414
3415
3427
3428
3429
3434
3435
3436
3438
3439
3440
3443
3444
3445
3455
3456
3457
3474
3475
3476
3475
3476
3477
3480
3481
3482
3486
3487
3488
3493
3494
3495
3510
3511
3512
3521
3522
3523
3535
3536
3537
3538
3539
3540
3547
3548
3549
3551
3552
3553
3556
3557
3558
3560
3561
3562
3563
3564
3565
3569
3570
3571
3573
3574
3575
3578
3579
3580
3590
3591
3592
3602
3603
3604
3614
3615
3616
3621
3622
3623
3639
3640
3641
3648
3649
3650
3653
3654
3655
3663
3664
3665
3686
3687
3688
3691
3692
3693
3698
3699
3700
3706
3707
3708
3710
3711
3712
3719
3720
3721
3735
3736
3737
3744
3745
3746
3749
3750
3751
3754
3755
3756
3761
3762
3763
3766
3767
3768
3773
3774
3775
3778
3779
3780
3784
3785
3786
3789
3790
3791
