 3512.51  -0.05   0.05    1.36e-03   22.90       37.60   4.09  Real     
 3530.50  -0.05   0.05    2.00e-03   24.60    99990.00   4.09  Real     
 3554.42  -0.05   0.05    2.34e-03   23.10      127.50   4.09  Real     
 3560.62  -0.06   0.06    6.50e-05   20.30        7.30   5.12  Real     
 3562.93  -0.06   0.06    1.82e-04   20.70       11.50   5.12  Real     
 3574.78  -0.06   0.06    4.68e-05   13.50        7.20   5.12  Real?    
 3579.40  -0.06   0.06    1.35e-04   23.40        8.10   5.12  Real     
 3587.28  -0.05   0.05    3.35e-03   24.40      161.60   4.09  Real     
 3590.81  -0.05   0.05    2.52e-04   25.30       21.90   4.09  Real     
 3601.33  -0.06   0.06    2.73e-05   14.80        7.20   5.12  Real?    
 3606.86  -0.06   0.06    6.99e-05   24.60        7.30   5.12  Real     
 3613.63  -0.05   0.05    5.57e-03   21.70      293.50   4.09  Real     
 3616.80  -0.06   0.06    5.92e-05   20.70       11.00   5.12  Real     
 3634.25  -0.05   0.05    5.06e-03   25.70      156.70   4.09  Real     
 3649.87  -0.06   0.06    1.41e-04   32.60        7.50   5.12  Real     
 3652.00  -0.05   0.05    3.30e-04   24.00       25.90   4.09  Real     
 3654.26  -0.06   0.06    6.71e-05    9.30        7.70   5.12  Real     
 3654.68  -0.06   0.06    1.39e-04   14.30       10.20   5.12  Real     
 3655.11  -0.06   0.06    1.48e-04   11.10       13.50   5.12  Real     
 3655.59  -0.06   0.06    1.76e-04   11.60       19.00   5.12  Real     
 3656.10  -0.05   0.05    3.00e-04   12.50       32.50   4.09  Real     
 3656.67  -0.05   0.05    3.51e-04   13.50       44.90   4.09  Real     
 3657.28  -0.05   0.05    5.85e-04   16.20       54.90   4.09  Real     
 3657.94  -0.05   0.05    9.84e-04   18.10       96.00   4.09  Real     
 3658.65  -0.05   0.05    1.21e-03   19.90      102.10   4.09  Real     
 3659.43  -0.05   0.05    1.82e-03   23.50      126.50   4.09  Real     
 3660.29  -0.05   0.05    2.43e-03   26.30      152.80   4.09  Real     
 3661.23  -0.05   0.05    2.95e-03   27.90      193.00   4.09  Real     
 3662.26  -0.05   0.05    3.46e-03   29.10      266.40   4.09  Real     
 3663.41  -0.05   0.05    3.97e-03   30.70      267.60   4.09  Real     
 3664.68  -0.05   0.05    4.60e-03   31.30      353.90   4.09  Real     
 3666.10  -0.05   0.05    5.15e-03   31.40      364.10   4.09  Real     
 3667.68  -0.05   0.05    5.65e-03   30.60      435.30   4.09  Real     
 3669.46  -0.05   0.05    6.50e-03   31.40      456.30   4.09  Real     
 3671.48  -0.05   0.05    6.92e-03   31.40      557.60   4.09  Real     
 3673.76  -0.05   0.05    7.67e-03   32.30      565.00   4.09  Real     
 3676.36  -0.05   0.05    8.53e-03   32.80      486.90   4.09  Real     
 3679.35  -0.05   0.05    1.02e-02   33.20      464.00   4.09  Real     
 3682.81  -0.05   0.05    1.06e-02   34.30      256.70   4.09  Real     
 3686.83  -0.05   0.05    1.21e-02   32.50      307.20   4.09  Real     
 3691.56  -0.05   0.05    1.48e-02   32.60      289.20   4.09  Real     
 3697.16  -0.05   0.05    1.66e-02   33.50      436.30   4.09  Real     
 3703.85  -0.05   0.05    1.91e-02   31.80      455.80   4.09  Real     
 3705.02  -0.05   0.05    7.47e-03   22.80      224.30   4.09  Real     
 3711.97  -0.05   0.05    2.29e-02   32.00      726.10   4.09  Real     
 3721.89  -0.05   0.05    3.30e-02   36.30      439.60   4.09  Real     
 3726.03  -0.05   0.05    1.24e+00   41.90     8543.00   4.09  Real     
 3728.79  -0.05   0.05    5.23e-01   43.20     4280.00   4.09  Real     
 3734.36  -0.05   0.05    3.06e-02   31.00      614.90   4.09  Real     
 3735.51  -0.05   0.05    5.92e-04   38.90       35.10   4.09  Real     
 3750.15  -0.05   0.05    4.05e-02   31.60     1262.00   4.09  Real     
 3756.06  -0.05   0.05    7.81e-04   37.40       37.20   4.24  Real     
 3768.78  -0.05   0.05    3.04e-04   23.20       38.30   4.09  Real     
 3770.63  -0.05   0.05    4.85e-02   31.80     1284.00   4.09  Real     
 3777.16  -0.06   0.06    4.98e-05   41.50        9.40   5.12  Real     
 3780.17  -0.06   0.06    4.46e-05   33.10        8.60   5.12  Real     
 3784.85  -0.05   0.05    3.74e-04   22.50       71.60   4.09  Real     
 3795.63  -0.06   0.06    2.46e-05   30.00        6.60   5.12  Real     
 3797.90  -0.05   0.05    5.66e-02   31.50     1187.00   4.09  Real     
 3801.36  -0.06   0.06    6.96e-05   55.50       10.70   5.12  Real     
 3802.72  -0.06   0.06    7.29e-05   37.60       11.90   5.12  Real     
 3805.74  -0.05   0.05    4.20e-04   20.30       99.50   4.09  Real     
 3811.85  -0.07   0.07    1.90e-05    9.00        9.90   5.12  Real?    
 3813.45  -0.07   0.07    3.25e-05   26.50        7.60   5.12  Real     
 3817.16  -0.07   0.07    3.47e-05   25.20        7.70   5.12  Real     
 3819.63  -0.05   0.05    1.12e-02   23.90      525.40   4.09  Real     
 3821.85  -0.07   0.07    4.86e-05   26.80       18.30   5.12  Real     
 3829.75  -0.05   0.05    2.32e-04   21.30       34.20   4.09  Real     
 3831.64  -0.05   0.05    3.00e-04   20.60       58.10   4.09  Real     
 3833.55  -0.05   0.05    6.80e-04   20.00      105.70   4.09  Real     
 3834.14  -0.07   0.07    3.00e-05   25.20        8.30   5.12  Real     
 3835.39  -0.05   0.05    9.48e-02   32.00     2711.00   4.09  Real     
 3838.35  -0.05   0.05    7.33e-04   25.50       98.50   4.09  Real     
 3842.18  -0.05   0.05    1.26e-04   19.10       33.60   4.09  Real     
 3848.26  -0.05   0.05    2.74e-04   35.00       56.40   4.09  Real     
 3850.39  -0.05   0.05    2.30e-04   45.20       46.10   4.09  Real     
 3853.75  -0.07   0.07    5.79e-05   36.30       11.20   5.12  Real     
 3855.09  -0.05   0.05    9.78e-05   29.60       29.90   4.09  Real     
 3856.05  -0.05   0.05    1.01e-03   45.60      188.10   4.09  Real     
 3862.62  -0.05   0.05    4.24e-04   40.60      110.20   4.09  Real     
 3867.49  -0.05   0.05    8.50e-04   21.70      183.60   4.09  Real     
 3868.75  -0.05   0.05    3.09e-02   13.60      805.30   4.09  Real     
 3871.78  -0.05   0.05    7.59e-04   21.20      183.00   4.09  Real     
 3873.48  -0.07   0.07    1.81e-05   15.20        8.60   5.12  Real     
 3876.48  -0.07   0.07    6.90e-05   43.70       12.10   5.12  Real     
 3882.18  -0.05   0.05    6.29e-05   13.70       27.40   4.09  Real     
 3883.11  -0.07   0.07    2.74e-05   23.70       10.30   5.12  Real     
 3884.01  -0.07   0.07    1.38e-05   16.90        8.80   5.12  Real     
 3888.94  -0.05   0.05    1.60e-01   66.40     3433.00   4.09  Blend 2R 
 3891.46  -0.05   0.05    3.38e-05   25.50    99990.00   4.09  Real     
 3892.33  -0.07   0.07    2.65e-05   14.00        8.00   5.12  Real     
 3892.77  -0.07   0.07    2.46e-05   31.00       13.40   5.12  Real     
 3895.10  -0.07   0.07    4.00e-05   32.90        7.40   5.12  Real     
 3896.20  -0.07   0.07    5.54e-05   27.70       13.70   5.12  Real     
 3899.21  -0.10   0.10    7.95e-05   44.90       15.80   8.00  Real     
 3907.47  -0.07   0.07    3.52e-05   21.90       13.50   5.12  Real     
 3909.25  -0.07   0.07    1.91e-05    9.60        7.60   5.12  Real     
 3918.93  -0.05   0.05    1.07e-03   18.70      226.40   4.09  Real     
 3920.64  -0.05   0.05    2.05e-03   18.30      372.80   4.09  Real     
 3923.20  -0.07   0.07    4.34e-05   36.90       14.60   5.12  Real     
 3924.01  -0.07   0.07    3.55e-05   36.90        7.90   5.12  Real     
 3926.54  -0.05   0.05    1.26e-03   21.80      247.60   4.09  Real     
 3929.13  -0.07   0.07    2.83e-05   18.50        5.80   5.12  Real     
 3935.96  -0.05   0.05    1.47e-04   22.30       43.80   4.09  Real     
 3962.51  -0.07   0.07    5.87e-05   44.80        9.60   5.12  Real     
 3963.80  -0.07   0.07    1.43e-05   17.10        7.70   5.12  Real     
 3964.73  -0.05   0.05    1.03e-02   22.10      509.90   4.09  Real     
 3967.46  -0.05   0.05    9.74e-03   14.20      229.60   4.09  Real     
 3970.07  -0.05   0.05    1.68e-01   31.90     2775.00   4.09  Real     
 3977.34  -0.07   0.07    2.63e-05   25.50        9.60   5.12  Real     
 3979.85  -0.07   0.07    1.98e-05   24.80       10.70   5.12  Real     
 3986.46  -0.07   0.07    3.36e-05   30.20        9.70   5.12  Real     
 3988.52  -0.07   0.07    4.77e-05   25.80        9.90   5.12  Real     
 3992.09  -0.07   0.07    8.46e-06   33.40        7.00   5.12  Real     
 3998.78  -0.07   0.07    8.94e-05   32.70       19.90   5.12  Real     
 4004.94  -0.07   0.07    3.21e-05   33.70        8.20   4.96  Real     
 4009.26  -0.05   0.05    1.86e-03   21.70      367.90   3.73  Real     
 4015.93  -0.07   0.07    4.09e-05   20.10       15.30   4.96  Real     
 4018.47  -0.07   0.07    1.15e-05   25.10        9.40   4.96  Real     
 4023.99  -0.05   0.05    2.14e-04   18.80       79.70   3.73  Real     
 4026.21  -0.05   0.05    2.09e-02   22.90      412.40   3.73  Real     
 4027.21  -0.05   0.05    3.40e-04   31.70    99999.00   3.73  Real     
 4028.22  -0.07   0.07    5.45e-05   12.60       12.20   5.53  Blend R+Flare
 4032.78  -0.07   0.07    9.77e-05   51.50       12.60   4.96  Real     
 4035.17  -0.07   0.07    7.13e-05   37.90       16.60   5.41  Real     
 4041.30  -0.05   0.05    1.21e-04   24.90       30.20   3.73  Real     
 4043.46  -0.07   0.07    4.05e-05   24.30        8.70   4.96  Real     
 4058.29  -0.07   0.07    4.25e-05   16.80       10.30   4.96  Real     
 4065.23  -0.05   0.05    5.47e-05   25.50       23.40   3.73  Real     
 4067.33  -0.07   0.07    3.59e-05   22.20        6.20   4.96  Real     
 4068.67  -0.05   0.05    1.78e-02   48.80      900.80   3.73  Real     
 4069.63  -0.05   0.05    2.03e-04   18.90    99999.00   3.73  Real     
 4069.89  -0.05   0.05    1.99e-04   13.00    99999.00   3.73  Real     
 4072.15  -0.05   0.05    3.27e-04   15.20      100.30   3.73  Real     
 4074.51  -0.07   0.07    1.02e-04   35.90       19.20   4.96  Real     
 4075.89  -0.05   0.05    4.42e-04   17.00    99999.00   3.73  Real     
 4076.37  -0.05   0.05    7.64e-03   46.70      352.00   3.73  Real     
 4078.81  -0.05   0.05    5.62e-05   16.30       23.00   3.73  Real     
 4079.64  -0.07   0.07    2.48e-05   36.00       10.60   4.96  Real     
 4082.32  -0.07   0.07    5.27e-05   36.00       13.30   4.96  Real     
 4083.87  -0.07   0.07    4.85e-05   14.30       17.90   4.96  Real     
 4084.67  -0.05   0.05    4.73e-05   20.50       22.50   3.73  Real     
 4085.10  -0.05   0.05    7.64e-05   16.70       22.50   3.73  Real     
 4087.15  -0.05   0.05    4.45e-05   14.50       24.50   3.73  Real     
 4089.29  -0.05   0.05    1.13e-04   13.30       37.90   3.73  Real     
 4092.92  -0.07   0.07    3.20e-05   10.80       16.80   4.96  Real     
 4093.92  -0.07   0.07    4.94e-05   39.50       11.00   4.96  Real     
 4095.65  -0.07   0.07    4.20e-05   19.40       10.50   4.96  Real     
 4096.51  -0.07   0.07    2.83e-05   11.80       15.60   4.96  Real     
 4097.26  -0.05   0.05    1.15e-04   14.90       42.80   3.73  Real     
 4101.74  -0.05   0.05    2.48e-01   31.50     5729.00   3.73  Real     
 4104.75  -0.07   0.07    1.60e-04   55.10       18.10   4.96  Real     
 4105.00  -0.07   0.07    4.55e-05   14.20       10.40   4.96  Real     
 4108.45  -0.07   0.07    5.47e-05   33.40        7.80   4.96  Real     
 4110.77  -0.07   0.07    7.49e-05   15.00       19.20   4.96  Real     
 4113.03  -0.07   0.07    8.16e-05   53.60       16.20   4.96  Real     
 4119.21  -0.05   0.05    2.19e-04   17.30       61.20   3.73  Real     
 4120.31  -0.05   0.05    6.80e-05   17.40    99999.00   3.73  Real     
 4120.83  -0.05   0.05    2.06e-03   22.80      351.80   3.73  Real     
 4121.43  -0.05   0.05    1.66e-04   17.50    99999.00   3.73  Real     
 4123.66  -0.07   0.07    1.95e-05   15.50        7.80   4.96  Real     
 4128.57  -0.07   0.07    1.62e-04   18.60        7.10   4.96  Real     
 4131.76  -0.05   0.05    3.69e-04   19.80       92.40   3.73  Real     
 4132.79  -0.05   0.05    8.28e-05   11.50       34.80   3.73  Real     
 4140.00  -0.07   0.07    2.84e-05   32.80       11.20   4.96  Real     
 4143.76  -0.05   0.05    3.14e-03   23.10      226.10   3.73  Real     
 4146.05  -0.07   0.07    5.93e-05   19.90       17.30   4.96  Real     
 4153.29  -0.05   0.05    1.84e-04   15.10       75.70   3.73  Real     
 4156.33  -0.05   0.05    1.58e-04   30.30       48.50   3.73  Real     
 4161.14  -0.07   0.07    2.16e-05   29.60        9.50   4.96  Real?    
 4167.28  -0.07   0.07    3.81e-05   31.60       10.90   4.96  Real     
 4169.00  -0.05   0.05    4.62e-04   24.30      140.00   3.73  Real     
 4176.14  -0.07   0.07    6.37e-05   27.30       13.00   4.96  Real     
 4185.43  -0.05   0.05    8.10e-05   16.20       22.90   3.73  Real     
 4187.37  -0.07   0.07    3.39e-05   33.60        7.40   4.96  Real     
 4188.38  -0.07   0.07    1.15e-05   11.50        8.20   4.96  Real?    
 4189.78  -0.05   0.05    1.24e-04   21.20       34.00   3.73  Real     
 4192.17  -0.07   0.07    2.42e-05   48.90        9.80   4.96  Real?    
 4196.81  -0.07   0.07    5.57e-05   36.10       13.50   4.96  Real     
 4208.04  -0.05   0.05    6.14e-05   30.30       20.10   3.73  Real     
 4211.32  -0.05   0.05    8.05e-05   24.50       32.80   3.73  Real     
 4219.75  -0.07   0.07    1.48e-05   19.90        8.00   4.96  Real     
 4236.93  -0.07   0.07    2.97e-05   14.30       18.00   4.96  Real     
 4241.81  -0.05   0.05    6.91e-05   19.90       30.20   3.73  Real     
 4246.86  -0.07   0.07    3.14e-05   25.60        9.20   4.96  Real     
 4253.92  -0.07   0.07    7.35e-05   38.70       15.80   4.96  Real     
 4256.13  -0.07   0.07    4.30e-05   23.50       13.50   4.96  Real     
 4259.51  -0.07   0.07    4.57e-05   19.40       15.90   4.96  Real     
 4267.16  -0.05   0.05    5.70e-03   38.70      536.00   3.73  Blend 2R 
 4271.88  -0.07   0.07    5.76e-05   44.20        7.10   4.96  Real     
 4275.54  -0.05   0.05    6.46e-05   13.50       33.40   3.73  Real     
 4276.82  -0.05   0.05    7.84e-05   44.00       23.50   3.73  Real     
 4277.48  -0.07   0.07    3.34e-05   24.90       10.70   4.96  Real     
 4280.55  -0.07   0.07    2.55e-05   48.90        7.40   4.96  Real     
 4281.25  -0.07   0.07    1.87e-05   20.90        9.10   4.96  Real     
 4282.96  -0.07   0.07    2.56e-05   16.10       13.40   4.96  Real     
 4285.70  -0.07   0.07    3.05e-05   13.20       16.50   4.96  Real     
 4287.23  -0.05   0.05    5.48e-05   12.10    99999.00   3.73  Real     
 4287.55  -0.05   0.05    8.28e-05   15.10    99999.00   3.73  Real     
 4292.41  -0.05   0.05    8.89e-05   21.20       35.20   3.73  Real     
 4294.78  -0.05   0.05    5.85e-05   27.80       21.10   3.73  Real     
 4300.45  -0.07   0.07    3.39e-05   27.40        7.80   4.96  Real     
 4303.13  -0.07   0.07    1.01e-05   16.90        7.90   4.96  Real     
 4303.82  -0.05   0.05    6.64e-05   14.60       34.10   3.73  Real     
 4306.07  -0.05   0.05    6.91e-05   20.10       20.20   3.73  Real     
 4307.27  -0.05   0.05    1.19e-04   19.50       45.30   3.73  Real     
 4317.12  -0.05   0.05    1.59e-04   16.40       57.80   3.73  Real     
 4318.58  -0.05   0.05    8.60e-05   25.20       32.50   3.73  Real     
 4319.62  -0.05   0.05    8.29e-05   13.80       38.40   3.73  Real     
 4321.60  -0.07   0.07    7.99e-05   48.30       11.50   4.96  Real     
 4323.33  -0.07   0.07    9.28e-05   70.00        8.20   4.96  Real     
 4325.87  -0.05   0.05    1.71e-04   45.00       49.40   3.73  Real     
 4329.88  -0.05   0.05    6.99e-05   21.40       20.70   3.73  Real     
 4335.87  -0.07   0.07    9.25e-05   60.20        8.70   4.96  Real     
 4336.83  -0.07   0.07    3.68e-05   11.50       12.20   4.96  Real     
 4340.47  -0.05   0.05    4.47e-01   31.60     6397.00   3.73  Real     
 4345.55  -0.05   0.05    1.92e-04   15.80       39.60   3.73  Real     
 4347.99  -0.07   0.07    5.15e-05   26.00        9.30   4.96  Real     
 4349.41  -0.05   0.05    3.29e-04   18.60       77.30   3.73  Real     
 4351.27  -0.07   0.07    8.00e-05   19.20       16.50   4.96  Real     
 4359.38  -0.05   0.05    8.97e-05   42.00       27.90   3.73  Real     
 4363.19  -0.05   0.05    9.34e-03   15.60      606.30   3.73  Real     
 4366.88  -0.05   0.05    1.36e-04   13.40       53.00   3.73  Real     
 4368.26  -0.05   0.05    9.62e-04   54.90      291.30   3.73  Real     
 4376.58  -0.07   0.07    1.55e-05   12.60       11.00   4.96  Real     
 4387.93  -0.05   0.05    5.45e-03   21.50      291.00   3.73  Real     
 4390.55  -0.05   0.05    5.88e-05   47.10       32.00   3.73  Real     
 4391.96  -0.07   0.07    2.21e-05   15.80        7.40   4.96  Real     
 4393.48  -0.07   0.07    4.54e-05   33.90       15.00   4.96  Real     
 4396.59  -0.07   0.07    1.58e-05   20.40        7.70   4.96  Real     
 4411.17  -0.07   0.07    1.63e-05   13.30       12.50   4.96  Real     
 4413.61  -0.05   0.05    2.73e-05   12.40    99999.00   3.73  Real     
 4413.94  -0.05   0.05    2.14e-05   10.40    99999.00   3.73  Real     
 4414.89  -0.05   0.05    3.03e-04   15.00      113.70   3.73  Real     
 4416.09  -0.05   0.05    1.63e-05   11.00    99999.00   3.73  Real     
 4416.51  -0.05   0.05    2.62e-05   17.40    99999.00   3.73  Real     
 4416.97  -0.05   0.05    1.97e-04   15.50       92.20   3.73  Real     
 4418.95  -0.07   0.07    3.24e-05   35.30       11.10   4.96  Real     
 4432.69  -0.07   0.07    3.55e-05   22.10       11.40   4.96  Real     
 4433.77  -0.07   0.07    2.80e-05   23.60       11.90   4.96  Real     
 4437.55  -0.06   0.06    7.91e-04   22.00      211.50   3.73  Real     
 4447.06  -0.07   0.07    3.85e-05   16.50       19.70   4.96  Real     
 4448.25  -0.07   0.07    8.92e-06   12.80        9.00   4.96  Real     
 4448.83  -0.07   0.07    1.00e-05    9.50        9.20   4.96  Real?    
 4452.26  -0.06   0.06    8.76e-05   43.90       34.10   3.73  Real     
 4453.48  -0.06   0.06    5.62e-05   16.30       29.10   3.73  Real     
 4454.11  -0.07   0.07    1.66e-05   21.50        6.50   4.96  Real     
 4457.09  -0.06   0.06    1.34e-04   20.90       59.40   3.73  Real     
 4457.73  -0.06   0.06    2.82e-05   26.00    99999.00   3.73  Real     
 4459.90  -0.07   0.07    2.45e-05   17.20       14.30   4.96  Real     
 4465.40  -0.06   0.06    5.86e-05   14.80       32.40   3.73  Real     
 4466.39  -0.07   0.07    2.94e-05   25.10        9.90   4.96  Real     
 4467.92  -0.06   0.06    4.11e-05   14.70       22.60   3.73  Real     
 4469.37  -0.07   0.07    2.17e-05   13.50       12.10   4.96  Real     
 4471.50  -0.06   0.06    4.49e-02   23.70     1935.00   3.73  Real     
 4474.69  -0.07   0.07    2.60e-05   20.90        5.80   4.96  Real     
 4477.74  -0.06   0.06    6.05e-05   25.10       29.90   3.73  Real     
 4481.21  -0.06   0.06    1.92e-04   30.60       81.20   3.73  Real     
 4483.49  -0.07   0.07    1.97e-05   15.70        8.60   4.96  Real     
 4485.23  -0.07   0.07    2.13e-05   34.20       10.50   4.96  Real     
 4487.74  -0.06   0.06    9.20e-06   17.40    99999.00   3.73  Real     
 4488.19  -0.07   0.07    2.39e-05   18.90        9.70   4.96  Real     
 4489.47  -0.07   0.07    7.44e-06   23.00        7.00   4.96  Real     
 4491.28  -0.06   0.06    1.25e-04   19.60       56.50   3.73  Real     
 4503.29  -0.07   0.07    1.50e-05   17.40       10.30   4.96  Real     
 4507.55  -0.06   0.06    5.06e-05   13.10       25.80   3.73  Real     
 4530.40  -0.06   0.06    4.17e-05   16.70       21.60   3.73  Real     
 4545.22  -0.08   0.08    2.42e-05   23.60       11.80   4.96  Real     
 4552.50  -0.08   0.08    2.59e-05   22.10       11.30   4.96  Real     
 4562.64  -0.06   0.06    4.14e-04   57.50      168.80   3.73  Real     
 4571.16  -0.06   0.06    4.29e-03   52.80      173.00   3.73  Real     
 4590.96  -0.06   0.06    1.43e-04   16.50       73.20   3.73  Real     
 4596.17  -0.06   0.06    9.39e-05   15.50       37.80   3.73  Real     
 4601.47  -0.06   0.06    2.63e-04   17.30      104.00   3.73  Real     
 4602.12  -0.08   0.08    2.16e-05   12.60       12.50   4.96  Real     
 4607.14  -0.06   0.06    2.57e-04   17.50       96.00   3.73  Real     
 4609.44  -0.06   0.06    6.00e-05   15.30       23.70   3.73  Real     
 4611.74  -0.08   0.08    6.06e-05   41.40        8.10   4.96  Real     
 4613.86  -0.06   0.06    1.81e-04   19.60       59.10   3.73  Real     
 4620.35  -0.06   0.06    1.07e-04   21.50       41.70   3.73  Real     
 4621.38  -0.06   0.06    2.64e-04   18.00      103.90   3.73  Real     
 4627.94  -0.08   0.08    1.34e-05   16.00        7.00   4.96  Real     
 4630.53  -0.06   0.06    8.04e-04   16.80      217.70   3.73  Real     
 4634.08  -0.08   0.08    2.56e-05   18.80       16.60   4.96  Real     
 4637.46  -0.08   0.08    5.57e-05   23.20       19.50   4.96  Real     
 4638.82  -0.06   0.06    2.97e-04   18.40      125.40   3.73  Real     
 4640.60  -0.06   0.06    5.15e-05   15.40       23.40   3.73  Real     
 4641.80  -0.06   0.06    4.27e-04   15.10      156.10   3.73  Real     
 4643.08  -0.06   0.06    3.43e-04   17.00      140.50   3.73  Real     
 4649.13  -0.06   0.06    6.69e-04   15.60      210.80   3.73  Real     
 4650.83  -0.06   0.06    2.16e-04   15.50       99.30   3.73  Real     
 4651.56  -0.08   0.08    5.48e-06   24.60        6.00   4.96  Real     
 4654.48  -0.08   0.08    3.14e-05   19.60       14.70   4.96  Real     
 4658.17  -0.06   0.06    2.74e-04   31.10      116.90   3.73  Real     
 4661.62  -0.06   0.06    2.30e-04   15.60      115.00   3.73  Real     
 4667.25  -0.08   0.08    2.80e-05   25.20       15.60   4.96  Real     
 4669.23  -0.06   0.06    7.62e-05   57.30       34.30   3.73  Real     
 4673.73  -0.06   0.06    4.08e-05   16.40       22.80   3.73  Real     
 4674.90  -0.08   0.08    2.12e-05   16.70       16.10   4.96  Real     
 4676.23  -0.06   0.06    1.58e-04   16.20       77.30   3.73  Real     
 4678.14  -0.08   0.08    1.40e-05   24.30        5.80   4.96  Real     
 4681.88  -0.08   0.08    2.14e-05   63.80        6.20   4.96  Real?    
 4696.33  -0.08   0.08    2.65e-05   14.70       14.40   4.96  Real     
 4699.13  -0.06   0.06    1.33e-04   38.90       42.00   3.73  Real     
 4703.15  -0.08   0.08    2.13e-05   16.40        7.10   4.96  Real     
 4705.34  -0.06   0.06    1.82e-04   14.60       61.40   3.73  Real     
 4710.01  -0.06   0.06    6.68e-05   20.70       21.70   3.73  Real     
 4711.35  -0.08   0.08    2.98e-05   13.90       10.30   4.96  Real     
 4713.17  -0.06   0.06    6.09e-03   24.20      233.50   3.73  Real     
 4716.33  -0.08   0.08    3.72e-05   18.80        8.90   4.96  Real     
 4726.96  -0.08   0.08    2.72e-05   30.20        5.80   4.96  Real     
 4733.96  -0.08   0.08    4.75e-05   34.50       18.60   4.96  Real     
 4740.20  -0.08   0.08    3.60e-05   12.70       19.60   4.96  Real     
 4752.89  -0.06   0.06    1.72e-04   27.30       77.00   3.73  Real     
 4754.74  -0.06   0.06    4.72e-05   35.80       23.30   3.73  Real     
 4756.45  -0.06   0.06    2.38e-04   29.40       82.90   3.73  Real     
 4757.23  -0.08   0.08    9.66e-06   17.10        8.60   4.96  Real     
 4769.65  -0.06   0.06    6.24e-05   59.70       20.40   3.73  Real     
 4772.11  -0.08   0.08    2.47e-05   33.60       14.00   4.96  Real     
 4774.26  -0.08   0.08    2.20e-05   13.50       15.00   4.96  Real     
 4777.79  -0.08   0.08    3.22e-05   33.20       12.50   4.96  Real     
 4779.71  -0.06   0.06    1.79e-04   17.80       88.90   3.73  Real     
 4781.31  -0.08   0.08    1.27e-05   28.90        7.90   4.96  Real     
 4788.13  -0.06   0.06    1.95e-04   15.60      101.90   3.73  Real     
 4789.59  -0.06   0.06    2.72e-04   34.70      112.10   3.73  Real     
 4792.04  -0.08   0.08    1.66e-05   19.20        7.80   4.96  Real     
 4802.45  -0.06   0.06    1.83e-04   19.50       72.80   3.73  Real     
 4803.28  -0.06   0.06    2.61e-04   16.90       76.50   3.73  Real     
 4810.21  -0.08   0.08    3.98e-05   49.20       12.90   4.96  Real     
 4814.69  -0.08   0.08    7.98e-05   44.60       14.80   4.96  Real     
 4815.48  -0.08   0.08    1.70e-04   60.50       13.70   4.96  Real     
 4861.33  -0.06   0.06    9.99e-01   32.50    13680.00   3.73  Real     
 4869.38  -0.08   0.08    5.15e-05   23.00       19.40   4.96  Real     
 4881.14  -0.06   0.06    1.54e-04   33.40       56.90   3.73  Real     
 4890.91  -0.06   0.06    1.37e-04   33.50       50.50   3.73  Real     
 4906.81  -0.06   0.06    4.21e-05   13.10       22.50   3.73  Real     
 4921.93  -0.06   0.06    1.22e-02   22.00      385.10   3.73  Real     
 4924.52  -0.06   0.06    8.92e-05   16.40       25.10   3.73  Real     
 4931.23  -0.06   0.06    2.94e-04   18.80       85.60   3.73  Real     
 4953.01  -0.08   0.08    3.74e-05   16.80       14.00   4.96  Real     
 4958.91  -0.06   0.06    7.26e-01   16.00     9084.00   3.73  Real     
 4964.75  -0.06   0.06    2.11e-04   32.70       29.60   3.73  Real     
 4987.36  -0.06   0.06    1.65e-04   19.40       71.10   3.73  Real     
 5006.84  -0.07   0.07    2.15e+00   15.60     9892.00   4.02  Real     
 5015.68  -0.07   0.07    2.39e-02   21.30      651.70   4.02  Real     
 5031.96  -0.07   0.07    4.34e-04   19.30       69.00   4.02  Blend R+Flare
 5035.81  -0.07   0.07    5.57e-04   21.70       75.70   4.02  Blend R+Flare
 5041.02  -0.07   0.07    7.24e-04   44.70      199.70   4.02  Real     
 5045.10  -0.07   0.07    2.89e-04   18.10      112.90   4.02  Real     
 5047.74  -0.07   0.07    1.88e-03   23.10      167.00   4.02  Real     
 5056.07  -0.07   0.07    1.20e-03   51.60      323.60   4.02  Real     
 5080.62  -0.09   0.09    1.40e-05   43.00        7.10   5.09  Real     
 5099.39  -0.09   0.09    8.56e-06   49.20        7.70   5.09  Real     
 5121.85  -0.07   0.07    2.67e-04   20.80      103.70   4.02  Real     
 5125.23  -0.07   0.07    5.78e-05   14.90       29.60   4.02  Real     
 5126.96  -0.09   0.09    2.99e-05   16.90       12.70   5.09  Real     
 5131.71  -0.07   0.07    1.64e-04   57.30       47.10   4.02  Real     
 5133.11  -0.09   0.09    4.43e-05   39.50       14.90   5.09  Real     
 5143.42  -0.12   0.12    9.45e-05   51.80       19.60   7.02  Real     
 5145.17  -0.09   0.09    4.00e-05   14.80       12.30   5.09  Real     
 5146.69  -0.07   0.07    2.81e-04   54.10       90.10   4.02  Real     
 5151.12  -0.09   0.09    4.60e-05   20.50       16.40   5.09  Real     
 5158.86  -0.07   0.07    1.02e-04   53.30       36.20   4.02  Real     
 5167.18  -0.09   0.09    4.89e-05   40.60        9.90   5.09  Real     
 5172.79  -0.07   0.07    4.89e-05   56.40    99999.00   4.02  Real     
 5173.56  -0.07   0.07    4.51e-05   30.70    99999.00   4.02  Real     
 5175.86  -0.09   0.09    1.75e-05   14.00        8.10   5.09  Real     
 5179.52  -0.09   0.09    3.34e-05   18.60       18.40   5.09  Real     
 5183.81  -0.07   0.07    4.94e-05   45.70       29.00   4.02  Real     
 5191.70  -0.07   0.07    3.86e-04   18.80      186.50   4.02  Real     
 5198.01  -0.07   0.07    2.01e-03   53.50      238.00   4.02  Real     
 5200.33  -0.07   0.07    1.17e-03   53.20      238.80   4.02  Real     
 5217.99  -0.09   0.09    1.02e-05   17.80        9.30   5.09  Real     
 5259.00  -0.09   0.09    3.11e-05   24.30        7.60   5.09  Real     
 5259.66  -0.09   0.09    3.16e-05   28.90        7.20   5.09  Real     
 5261.73  -0.07   0.07    6.17e-05   49.00       25.60   4.02  Real     
 5270.56  -0.07   0.07    1.50e-04   30.70       53.90   4.02  Real     
 5273.35  -0.09   0.09    1.75e-05   49.80        8.10   5.09  Real     
 5275.16  -0.07   0.07    1.86e-04   58.60       41.00   4.02  Real     
 5284.92  -0.09   0.09    1.89e-05   26.90        5.60   5.09  Real     
 5299.06  -0.07   0.07    3.70e-04   53.30      180.20   4.02  Real     
 5330.52  -0.09   0.09    2.26e-05   33.10        8.20   5.09  Real     
 5332.77  -0.07   0.07    5.56e-05   19.50       20.80   4.02  Real     
 5334.65  -0.07   0.07    6.31e-05   20.70       42.40   4.02  Real     
 5342.39  -0.07   0.07    2.76e-04   18.40      153.20   4.02  Real     
 5345.94  -0.07   0.07    3.50e-05   16.30       20.50   4.02  Real     
 5368.21  -0.11   0.11    5.70e-05   20.70       27.90   6.41  Real     
 5374.84  -0.09   0.09    1.38e-05   14.80        7.30   5.09  Real     
 5376.69  -0.09   0.09    5.29e-05   70.00        9.10   5.09  Real     
 5380.88  -0.09   0.09    7.22e-05   78.30       13.60   5.09  Real     
 5400.55  -0.09   0.09    2.85e-05   50.40        9.60   5.09  Real     
 5412.26  -0.09   0.09    5.82e-06   16.20       11.20   5.09  Real     
 5432.80  -0.09   0.09    1.90e-05   24.80       12.90   5.09  Real     
 5452.06  -0.07   0.07    4.16e-05   20.20       25.90   4.02  Real     
 5454.03  -0.07   0.07    8.24e-05   43.20       46.80   4.02  Real     
 5462.57  -0.07   0.07    4.47e-05   26.20       36.40   4.02  Real     
 5463.57  -0.09   0.09    1.61e-05   45.10        9.50   5.09  Real     
 5473.62  -0.16   0.16    2.10e-05   42.00       17.30   8.95  Real     
 5478.09  -0.09   0.09    3.00e-05   16.60       19.60   5.09  Real     
 5480.05  -0.07   0.07    5.59e-05   17.00       34.90   4.02  Real     
 5495.66  -0.07   0.07    1.47e-04   19.10       87.50   4.02  Real     
 5512.79  -0.07   0.07    3.13e-04   60.90       95.30   3.96  Real     
 5517.69  -0.07   0.07    1.82e-03   24.30      313.30   3.96  Real     
 5526.21  -0.09   0.09    1.53e-05   25.80        7.10   5.06  Real     
 5530.22  -0.09   0.09    2.05e-05   19.20       10.80   5.06  Real     
 5535.36  -0.07   0.07    4.97e-05   16.90       26.40   3.96  Real     
 5537.85  -0.07   0.07    3.56e-03   36.10      216.60   3.96  Real     
 5543.52  -0.09   0.09    4.47e-05   27.60       15.30   5.06  Blend Real+N?
 5545.93  -0.09   0.09    1.52e-05   18.80       10.70   5.06  Real     
 5547.99  -0.09   0.09    2.15e-05   36.10        7.70   5.06  Real     
 5551.93  -0.09   0.09    6.10e-06   12.00        7.50   5.06  Real     
 5554.98  -0.07   0.07    1.58e-04   56.00       84.50   3.96  Real     
 5567.47  -0.09   0.09    1.17e-05   19.80        7.20   5.06  Real     
 5577.39  -0.07   0.07    2.63e-04   48.60      143.20   3.96  Real     
 5587.86  -0.09   0.09    1.11e-05   10.70        8.90   5.06  Real?    
 5595.51  -0.09   0.09    1.37e-05   35.50        8.70   5.06  Real     
 5606.13  -0.09   0.09    1.28e-05   34.00       10.40   5.06  Real     
 5627.80  -0.09   0.09    1.82e-05   22.00       14.80   5.06  Real     
 5640.19  -0.19   0.19    2.04e-05   24.40       10.50  10.19  Real     
 5648.07  -0.10   0.10    1.40e-05   24.50       10.10   5.06  Real     
 5662.34  -0.10   0.10    2.52e-05   27.30        8.30   5.06  Real     
 5664.52  -0.10   0.10    1.48e-05   20.50        4.50   5.06  Real     
 5666.63  -0.07   0.07    4.14e-04   17.10      176.90   3.96  Real     
 5676.02  -0.08   0.08    1.97e-04   17.60      123.40   3.96  Real     
 5679.55  -0.08   0.08    6.73e-04   20.70      170.80   3.96  Real     
 5686.20  -0.08   0.08    1.26e-04   18.50       70.10   3.96  Real     
 5705.32  -0.10   0.10    1.73e-05   24.20        9.50   5.06  Real     
 5708.91  -0.10   0.10    1.91e-05   43.10        3.70   5.06  Real     
 5710.76  -0.08   0.08    1.35e-04   18.70       75.90   3.96  Real     
 5711.60  -0.08   0.08    8.03e-06   30.60    99999.00   3.96  Real     
 5724.96  -0.10   0.10    2.50e-05   32.90       10.90   5.06  Real     
 5730.64  -0.10   0.10    1.32e-05   17.50        8.90   5.06  Real     
 5739.76  -0.08   0.08    3.91e-05   18.70       21.80   3.96  Real     
 5744.48  -0.08   0.08    6.94e-05   46.30       20.40   3.96  Real     
 5747.29  -0.08   0.08    3.28e-05   17.10       29.30   3.96  Real     
 5754.63  -0.08   0.08    2.76e-02   47.50     1907.00   3.96  Real     
 5759.78  -0.10   0.10    1.99e-05   48.30        7.00   5.06  Real     
 5764.48  -0.20   0.20    2.56e-05   59.90       16.20  10.27  Real     
 5766.22  -0.10   0.10    2.19e-05   25.10       10.40   5.06  Real     
 5767.46  -0.10   0.10    1.25e-05   15.40        9.50   5.06  Real     
 5790.94  -0.10   0.10    1.06e-05   13.50        4.40   5.06  Real     
 5793.20  -0.10   0.10    1.24e-05   16.70        4.90   5.06  Real     
 5826.54  -0.11   0.11    1.89e-05   43.90        9.30   5.71  Real     
 5832.96  -0.10   0.10    2.84e-05   18.60       15.80   5.06  Real     
 5846.70  -0.08   0.08    1.29e-04   20.60       75.20   3.96  Real     
 5852.35  -0.10   0.10    2.65e-05   37.10       10.00   5.06  Real     
 5855.14  -0.10   0.10    4.20e-05   61.60       12.30   5.06  Real     
 5859.58  -0.10   0.10    1.30e-05   26.00        9.80   5.06  Real     
 5867.73  -0.08   0.08    3.50e-05   16.40       22.30   3.96  Real     
 5875.65  -0.08   0.08    1.37e-01   25.90     5395.00   3.96  Real     
 5879.03  -0.10   0.10    1.97e-05   23.30        8.50   5.06  Real     
 5889.96  -0.08   0.08    7.92e-04   44.80      301.50   3.96  Real     
 5891.57  -0.08   0.08    1.81e-04   18.60       99.20   3.96  Real     
 5896.02  -0.08   0.08    3.44e-04   35.60      134.20   3.96  Real     
 5915.61  -0.10   0.10    3.37e-05   56.50       16.00   5.06  Real     
 5927.80  -0.08   0.08    1.91e-04   17.40      113.80   3.96  Real     
 5931.77  -0.08   0.08    2.73e-04   16.70      156.70   3.96  Real     
 5940.26  -0.08   0.08    1.39e-04   18.20       63.00   3.96  Real     
 5941.66  -0.08   0.08    3.14e-04   16.00      137.30   3.96  Real     
 5944.93  -0.10   0.10    7.81e-06   10.00        6.20   5.06  Real     
 5952.38  -0.08   0.08    5.18e-05   13.80       33.70   3.96  Real     
 5957.65  -0.08   0.08    1.36e-04   34.00    99999.00   3.96  Real     
 5958.63  -0.08   0.08    4.75e-04   56.20    99999.00   3.96  Real     
 5979.02  -0.08   0.08    2.38e-04   49.50      182.40   3.96  Real     
 5991.09  -0.10   0.10    9.43e-06   20.00        6.20   5.06  Real     
 6013.01  -0.10   0.10    2.82e-05   35.70       13.40   4.95  Real     
 6019.82  -0.10   0.10    3.86e-05   40.30       19.40   4.95  Real     
 6046.47  -0.07   0.07    8.80e-04   60.90      153.20   3.72  Real     
 6074.32  -0.10   0.10    1.55e-05   19.00       12.00   4.95  Real     
 6096.19  -0.10   0.10    1.43e-05   20.70       12.70   4.95  Real     
 6098.54  -0.10   0.10    1.14e-05   21.50        9.00   4.95  Real     
 6130.47  -0.10   0.10    2.82e-05   41.70       11.20   4.95  Real     
 6147.23  -0.10   0.10    1.87e-05   17.70       12.10   4.95  Real     
 6151.34  -0.08   0.08    2.53e-04   26.70      127.30   3.72  Real     
 6154.41  -0.08   0.08    3.34e-05   24.50       21.50   3.72  Real     
 6155.98  -0.10   0.10    1.75e-05   18.90        7.00   4.95  Real     
 6156.78  -0.10   0.10    3.58e-05   29.20       19.90   4.95  Real     
 6158.14  -0.10   0.10    4.18e-05   35.30       19.90   4.95  Real     
 6161.78  -0.08   0.08    3.93e-05   41.10       21.10   3.72  Real     
 6167.68  -0.10   0.10    2.45e-05   36.40       15.00   4.95  Real     
 6170.17  -0.10   0.10    9.06e-06   15.50        8.70   4.95  Real?    
 6173.33  -0.08   0.08    2.26e-05   13.60       20.10   3.72  Real?    
 6176.07  -0.10   0.10    1.18e-05   15.00        8.20   4.95  Real     
 6250.70  -0.10   0.10    1.51e-05   14.60       15.60   4.95  Real     
 6257.12  -0.08   0.08    5.16e-05   19.90    99999.00   3.72  Real     
 6259.48  -0.08   0.08    8.35e-05   17.80       63.70   3.72  Real     
 6300.40  -0.08   0.08    2.17e-02   56.20     1977.00   3.72  Real     
 6312.11  -0.08   0.08    8.55e-03   23.60      590.20   3.72  Real     
 6325.19  -0.10   0.10    2.58e-05   22.20        8.70   4.95  Real?    
 6332.89  -0.08   0.08    3.77e-05   19.50       21.10   3.72  Real     
 6334.48  -0.10   0.10    2.60e-05   22.00       14.40   4.95  Real     
 6347.19  -0.08   0.08    5.13e-04   47.70       83.30   3.72  Real     
 6363.89  -0.08   0.08    7.58e-03   56.70      485.20   3.72  Real     
 6371.42  -0.08   0.08    4.33e-04   31.00      198.30   3.72  Real     
 6379.65  -0.11   0.11    8.62e-06   25.50       10.70   4.95  Real     
 6382.99  -0.11   0.11    1.95e-05   44.10       16.10   4.95  Real     
 6392.50  -0.11   0.11    9.28e-06   17.60        6.20   4.95  Real     
 6402.27  -0.08   0.08    1.07e-04   21.90       75.50   3.72  Real     
 6454.39  -0.11   0.11    1.01e-05   22.40        5.40   4.95  Real     
 6456.00  -0.11   0.11    1.25e-05   19.30        8.70   4.95  Real     
 6461.85  -0.08   0.08    5.83e-04   18.60       93.50   3.72  Real     
 6527.26  -0.08   0.08    2.84e-04   29.30       70.60   3.77  Real     
 6548.10  -0.08   0.08    5.35e-01   39.80    10430.00   3.77  Real     
 6562.80  -0.08   0.08    3.12e+00   31.30    14100.00   3.77  Real     
 6578.05  -0.08   0.08    5.37e-03   18.30      870.50   3.77  Real     
 6583.47  -0.08   0.08    1.63e+00   40.20    11370.00   3.77  Real     
 6610.65  -0.11   0.11    2.79e-05   25.00       11.70   4.97  Real     
 6678.15  -0.08   0.08    3.87e-02   21.60     2346.00   3.77  Real     
 6699.34  -0.11   0.11    1.27e-05   20.10        7.70   4.97  Real     
 6704.60  -0.11   0.11    2.02e-05   43.80        7.80   4.97  Real     
 6710.66  -0.11   0.11    2.31e-05   54.00        9.00   4.97  Real     
 6716.52  -0.08   0.08    2.08e-02   52.00     1437.00   3.77  Real     
 6723.46  -0.08   0.08    7.13e-05   22.30    99999.00   3.77  Real     
 6724.23  -0.08   0.08    3.09e-05   18.00    99999.00   3.77  Real     
 6725.25  -0.08   0.08    1.54e-05   17.20    99999.00   3.77  Real     
 6730.89  -0.08   0.08    4.42e-02   52.70     2317.00   3.77  Real     
 6744.39  -0.08   0.08    5.00e-05   52.30       27.00   3.77  Real     
 6755.95  -0.11   0.11    2.19e-05   18.20       16.50   4.97  Real     
 6769.67  -0.09   0.09    2.58e-05   21.30       21.60   3.77  Real     
 6779.95  -0.09   0.09    1.09e-04   17.90    99999.00   3.77  Real     
 6780.63  -0.09   0.09    5.51e-05   17.70    99999.00   3.77  Real     
 6783.94  -0.11   0.11    2.20e-05   19.10       12.40   4.97  Real     
 6785.78  -0.09   0.09    3.65e-05   20.80       25.90   3.77  Real     
 6787.36  -0.09   0.09    7.32e-05   46.10       45.50   3.77  Real     
 6791.47  -0.09   0.09    6.55e-05   19.20       51.50   3.77  Real     
 6800.68  -0.09   0.09    4.98e-05   17.70       33.10   3.77  Real     
 6804.95  -0.09   0.09    3.32e-05   19.80       29.20   3.77  Real     
 6809.95  -0.11   0.11    2.12e-05   24.60       12.60   4.97  Real     
 6821.40  -0.11   0.11    2.06e-05   22.50       13.90   4.97  Real     
 6826.87  -0.09   0.09    3.30e-04   21.10    99999.00   3.77  Blend Real+N?
 6829.90  -0.11   0.11    1.04e-05   16.60        3.40   4.97  Real     
 6834.20  -0.12   0.12    1.58e-05   31.90        6.50   5.09  Real     
 6836.44  -0.11   0.11    1.10e-05   33.50        3.50   4.97  Real?    
 6856.00  -0.09   0.09    4.98e-05   20.00       46.70   3.77  Real     
 6929.43  -0.11   0.11    1.85e-05   20.40       17.70   4.97  Real     
 6930.77  -0.09   0.09    3.35e-05   18.00       25.80   3.77  Real     
 6934.03  -0.09   0.09    7.20e-05   16.40       55.30   3.77  Real     
 6989.53  -0.09   0.09    1.17e-04   21.90       72.50   3.77  Real     
 7002.20  -0.12   0.12    8.48e-04   56.50       14.20   5.10  Real     
 7032.47  -0.09   0.09    3.64e-05   24.20       29.90   4.04  Real     
 7050.05  -0.09   0.09    4.78e-05   53.30       38.50   4.04  Real?    
 7062.33  -0.10   0.10    1.23e-04   19.20       63.30   4.04  Real?    
 7065.23  -0.10   0.10    7.05e-02   27.30     3291.00   4.04  Real?    
 7080.39  -0.10   0.10    4.34e-05   42.40       31.40   4.04  Real?    
 7099.93  -0.12   0.12    2.43e-05   63.00       14.70   5.10  Real     
 7102.68  -0.12   0.12    2.77e-05   21.20       16.40   5.10  Real?    
 7112.97  -0.10   0.10    5.14e-05   35.40       34.60   4.04  Real     
 7115.64  -0.10   0.10    4.25e-05   21.10       30.80   4.04  Real     
 7120.05  -0.10   0.10    6.95e-05   42.10       41.50   4.04  Real     
 7135.74  -0.10   0.10    8.25e-02   28.90     2973.00   4.04  Real     
 7155.56  -0.10   0.10    5.38e-05   27.90    99999.00   4.04  Real?    
 7156.64  -0.10   0.10    3.37e-05   20.90    99999.00   4.04  Real?    
 7160.56  -0.10   0.10    2.19e-04   21.30      141.70   4.04  Real?    
 7231.33  -0.10   0.10    1.69e-03   23.60      255.30   4.04  Real     
 7236.41  -0.10   0.10    4.67e-03   21.10    99999.00   4.04  Real     
 7252.76  -0.10   0.10    1.34e-04   31.30    99999.00   4.04  Real     
 7254.38  -0.12   0.12    1.56e-03   69.30       15.00   5.10  Real     
 7281.35  -0.10   0.10    7.90e-03   26.10      323.10   4.04  Real     
 7291.57  -0.10   0.10    1.23e-04   34.60       77.80   4.04  Real     
 7298.02  -0.10   0.10    2.11e-04   24.30      116.90   4.04  Real     
 7319.09  -0.10   0.10    3.68e-02   34.70     2161.00   4.04 Real      
 7320.13  -0.10   0.10    1.00e-01   27.40     6483.00   4.04 Real      
 7329.68  -0.10   0.10    5.85e-02   28.90     3856.00   4.04 Real      
 7330.75  -0.10   0.10    5.63e-02   27.30     3856.00   4.04 Real      
 7378.03  -0.10   0.10    4.86e-05   66.30       21.50   4.04  Real     
 7391.39  -0.10   0.10    1.28e-05   36.10    99999.00   4.04  Real     
 7423.73  -0.10   0.10    1.56e-04   58.30      119.40   4.04  Real     
 7442.35  -0.10   0.10    3.63e-04   57.70      219.90   4.04  Real     
 7452.71  -0.13   0.13    2.93e-05   58.80       16.40   5.10  Real     
 7459.25  -0.10   0.10    4.71e-05   21.10       26.70   4.04  Real     
 7468.46  -0.10   0.10    5.82e-04   59.20    99999.00   4.04  Real     
 7469.55  -0.10   0.10    8.19e-05   21.50    99999.00   4.04  Real     
 7499.98  -0.10   0.10    4.21e-04   21.70       38.70   4.04  Real     
 7505.01  -0.10   0.10    4.76e-05   17.50       45.90   4.01  Real     
 7505.39  -0.10   0.10    2.23e-04   47.30      122.70   4.01  Real     
 7507.46  -0.10   0.10    1.21e-04   43.20       41.50   4.01  Real     
 7509.77  -0.10   0.10    3.29e-05   16.60       23.90   4.01  Real     
 7513.38  -0.13   0.13    5.47e-05   43.50       15.70   5.08  Real     
 7519.43  -0.10   0.10    1.03e-04   19.00      128.20   4.01  Real     
 7519.95  -0.10   0.10    9.24e-05   17.30      128.20   4.01  Real     
 7524.10  -0.13   0.13    1.01e-05   17.80        7.50   5.08  Real     
 7525.79  -0.13   0.13    1.46e-05   45.60        8.60   5.08  Real?    
 7530.46  -0.13   0.13    3.82e-05   35.90       19.00   5.08  Real     
 7533.51  -0.13   0.13    2.63e-05   42.80       10.00   5.08  Real?    
 7542.13  -0.10   0.10    5.67e-05   44.10       36.60   4.01  Real?    
 7551.52  -0.13   0.13    2.38e-05   42.10       18.20   5.08  Real     
 7562.47  -0.14   0.14    3.02e-05   31.90       17.20   5.43  Real     
 7569.06  -0.12   0.12    1.53e-05   40.50    99999.00   4.59  Real     
 7574.07  -0.10   0.10    3.61e-05   15.30       40.70   4.01  Real     
 7575.26  -0.13   0.13    2.58e-05   41.10        9.40   5.08  Real     
 7589.85  -0.10   0.10    3.33e-05   33.10       20.20   4.01  Real     
 7679.59  -0.10   0.10    2.52e-05   28.40       37.70   4.01  Real     
 7751.07  -0.10   0.10    2.19e-02   28.30     1789.00   4.01  Real     
 7757.63  -0.10   0.10    6.72e-05   23.20    99999.00   4.01  Real     
 7771.92  -0.10   0.10    3.52e-04   38.40      157.40   4.01  Real     
 7774.17  -0.10   0.10    2.15e-04   27.10      148.90   4.01  Real     
 7775.37  -0.10   0.10    1.29e-04   28.60      148.90   4.01  Real     
 7811.66  -0.10   0.10    6.10e-05   23.10       45.30   4.01  Real     
 7816.12  -0.10   0.10    6.26e-04   20.10       80.50   4.01  Real     
 7860.55  -0.11   0.11    3.58e-05   54.20       28.70   4.01  Real?    
 7876.09  -0.11   0.11    2.89e-04   26.50    99999.00   4.01  Real     
 7877.07  -0.11   0.11    1.34e-04   53.80    99999.00   4.01  Real     
 7880.90  -0.11   0.11    3.65e-05   21.00       21.80   4.01  Real     
 7890.64  -0.11   0.11    9.11e-06   21.70       21.70   4.01  Real     
 7896.36  -0.11   0.11    2.24e-04   56.80      158.70   4.01  Real     
 7902.15  -0.13   0.13    1.33e-05   20.00        9.60   5.08  Real     
 7906.00  -0.13   0.13    3.38e-05   29.50       11.20   5.08  Real     
 7924.55  -0.13   0.13    1.27e-05   16.00       16.30   5.08  Real?    
 7932.98  -0.13   0.13    1.73e-05   22.80        7.70   5.08  Real?    
 7944.56  -0.13   0.13    2.23e-05   18.70       18.00   5.08  Real?    
 7950.77  -0.11   0.11    3.54e-05   26.20       39.50   4.01  Real     
 7952.83  -0.11   0.11    2.66e-05   30.60       33.30   4.01  Blend of 2 R?
 7971.64  -0.11   0.11    3.24e-05   22.40       33.20   4.01  Real     
 7973.19  -0.11   0.11    2.77e-05   26.10       22.20   4.01  Real     
 7985.47  -0.14   0.14    3.88e-05   26.50       18.50   5.08  Real     
 7995.55  -0.14   0.14    6.15e-06   39.80        9.10   5.08  Real     
 7999.72  -0.12   0.12    5.36e-05   38.60       31.40   4.43  Real     
 8015.97  -0.11   0.11    4.32e-05   19.50       28.00   4.09  Real     
 8035.09  -0.11   0.11    4.52e-05   17.60       34.50   4.09  Real?    
 8057.50  -0.11   0.11    5.85e-05   21.20       43.10   4.09  Real     
 8064.89  -0.14   0.14    7.14e-06   16.10        8.00   5.13  Real     
 8084.27  -0.11   0.11    8.21e-05   22.60       56.70   4.09  Real     
 8093.88  -0.11   0.11    5.83e-05   67.60       36.90   4.09  Real     
 8115.31  -0.11   0.11    7.88e-05   37.00    99999.00   4.09  Real     
 8116.45  -0.11   0.11    6.64e-05   18.50    99999.00   4.09  Real     
 8120.19  -0.11   0.11    2.60e-05   19.70       21.40   4.09  Real     
 8140.56  -0.11   0.11    3.55e-05   13.00       36.20   4.09  Real     
 8155.50  -0.11   0.11    1.32e-04   19.30       82.90   4.09  Real     
 8185.27  -0.11   0.11    1.52e-04   20.80      168.00   4.09  Real     
 8188.45  -0.11   0.11    3.80e-04   51.10      152.90   4.09  Real     
 8200.50  -0.11   0.11    1.31e-04   51.50      138.60   4.09  Real     
 8203.84  -0.11   0.11    1.36e-04   22.90       93.30   4.09  Real     
 8210.96  -0.11   0.11    1.98e-04   45.40       92.00   4.09  Real     
 8213.89  -0.11   0.11    2.59e-05   47.30       37.90   4.09  Real     
 8216.30  -0.11   0.11    5.97e-04   62.20      304.10   4.09  Real     
 8223.22  -0.11   0.11    6.22e-04   50.40      347.80   4.09  Real     
 8233.20  -0.11   0.11    1.17e-04   18.50       73.50   4.09  Real     
 8234.50  -0.11   0.11    2.42e-04   27.70      143.60   4.09  Real     
 8235.77  -0.11   0.11    1.21e-04   18.20       67.50   4.09  Real     
 8237.12  -0.11   0.11    1.47e-04   17.20      134.00   4.09  Real     
 8238.62  -0.11   0.11    1.23e-04   15.60      116.10   4.09  Real     
 8240.20  -0.11   0.11    2.25e-04   21.00      147.60   4.09  Real     
 8241.37  -0.11   0.11    6.47e-06    6.50    99999.00   4.09  Real     
 8242.03  -0.11   0.11    2.68e-04    8.10    99999.00   4.09  Real     
 8242.51  -0.11   0.11    5.50e-04   53.90    99999.00   4.09  Real     
 8243.70  -0.11   0.11    4.23e-04   12.60    99999.00   4.09  Real     
 8245.64  -0.11   0.11    4.29e-04   25.70      250.20   4.09  Real     
 8247.73  -0.11   0.11    4.55e-04   26.80      266.50   4.09  Real     
 8250.00  -0.11   0.11    5.19e-04   27.90      260.30   4.09  Real     
 8252.40  -0.11   0.11    6.31e-04   30.00      351.00   4.09  Real     
 8254.35  -0.11   0.11    1.58e-05    7.70    99999.00   4.09  Real     
 8255.10  -0.11   0.11    4.58e-04   22.50      372.50   4.09  Real     
 8256.55  -0.11   0.11    1.23e-05   13.40    99999.00   4.09  Real     
 8257.58  -0.11   0.11    2.14e-04   18.90    99999.00   4.09  Real     
 8258.12  -0.11   0.11    3.03e-04   20.60    99999.00   4.09  Real     
 8260.91  -0.11   0.11    7.06e-04   28.30      404.40   4.09  Real     
 8264.34  -0.11   0.11    9.35e-04   32.80       22.60   4.09  Real     
 8265.72  -0.11   0.11    7.47e-05   18.00       67.00   4.09  Real     
 8267.94  -0.11   0.11    7.82e-04   31.00       21.20   4.09  Real     
 8271.80  -0.11   0.11    7.51e-04   35.70       22.60   4.09  Real     
 8276.33  -0.11   0.11    9.29e-04   44.50       26.40   4.09  Blend R and N on
 8281.15  -0.11   0.11    8.88e-04   47.80       22.90   4.09  Blend R and N on
 8283.32  -0.11   0.11    4.07e-05   22.70    99999.00   4.09  Real     
 8285.69  -0.11   0.11    1.01e-04   22.20    99999.00   4.09  Real     
 8286.58  -0.11   0.11    6.90e-04   34.70    99999.00   4.09  Real     
 8290.52  -0.14   0.14    3.07e-05   19.50       16.80   5.13  Real     
 8298.88  -0.11   0.11    1.27e-03   28.50       40.80   4.09  Real     
 8306.06  -0.11   0.11    1.65e-03   30.50      234.70   4.09  Real     
 8307.80  -0.11   0.11    3.76e-05   18.50    99999.00   4.09  Real     
 8314.23  -0.11   0.11    1.72e-03   34.00      292.40   4.09  Real     
 8318.14  -0.11   0.11    5.00e-05   20.00       44.10   4.09  Real     
 8320.49  -0.11   0.11    2.04e-05   22.60       21.50   4.09  Real     
 8323.42  -0.11   0.11    2.02e-03   31.70      446.10   4.09  Real     
 8329.84  -0.11   0.11    5.51e-05   21.10       51.40   4.09  Real     
 8333.77  -0.11   0.11    2.11e-03   32.10      532.00   4.09  Real     
 8339.34  -0.11   0.11    5.20e-05   25.70       27.00   4.09  Real     
 8342.20  -0.11   0.11    1.51e-04   21.30    99999.00   4.09  Real     
 8343.19  -0.11   0.11    7.16e-05   30.90    99999.00   4.09  Real?    
 8345.56  -0.11   0.11    2.45e-03   31.60      217.80   4.09  Real     
 8350.23  -0.11   0.11    5.95e-05   19.90    99999.00   4.09  Real     
 8352.47  -0.14   0.14    9.83e-06   16.50        7.30   5.13  Real     
 8358.98  -0.11   0.11    2.86e-03   32.00      101.20   4.09  Real     
 8361.74  -0.11   0.11    1.22e-03   27.80      405.40   4.09  Real     
 8374.49  -0.11   0.11    2.87e-03   32.20      527.80   4.09  Real     
 8376.55  -0.11   0.11    6.59e-05   17.90       63.80   4.09  Real     
 8382.93  -0.14   0.14    1.23e-05   21.10       10.30   5.13  Real     
 8392.40  -0.11   0.11    3.20e-03   31.50      275.10   4.09  Real     
 8399.83  -0.11   0.11    3.13e-05   19.60       36.80   4.09  Real     
 8405.42  -0.14   0.14    9.59e-06   28.50       10.80   5.13  Real     
 8413.32  -0.11   0.11    3.71e-03   31.30      383.70   4.09  Real     
 8419.01  -0.14   0.14    1.38e-05   24.30        9.40   5.13  Real     
 8421.97  -0.11   0.11    1.18e-04   21.40       94.50   4.09  Real     
 8424.35  -0.11   0.11    4.57e-05   24.40       43.60   4.09  Real     
 8433.72  -0.12   0.12    6.21e-05   22.40       67.50   4.09  Real     
 8437.91  -0.12   0.12    4.34e-03   31.50      789.50   4.09  Real     
 8444.44  -0.12   0.12    2.32e-04   20.60    99999.00   4.09  Real     
 8446.55  -0.12   0.12    1.14e-02   68.10    99999.00   4.09  Real     
 8451.15  -0.12   0.12    1.35e-04   21.00    99999.00   4.09  Real     
 8453.50  -0.12   0.12    5.95e-05   25.80       38.80   4.09  Real     
 8467.25  -0.12   0.12    5.04e-03   32.00      486.80   4.09  Real     
 8474.19  -0.14   0.14    1.26e-05   19.40       11.60   5.13  Real     
 8480.83  -0.12   0.12    1.08e-04   27.90       82.70   4.09  Real     
 8486.26  -0.12   0.12    1.62e-04   21.70      118.40   4.09  Real     
 8488.74  -0.12   0.12    6.78e-05   21.40       49.90   4.09  Real     
 8495.35  -0.15   0.15    2.27e-05   27.50       15.20   5.13  Real     
 8499.22  -0.12   0.12    1.86e-05    8.10    99999.00   4.09  Real     
 8500.04  -0.11   0.11    4.42e-05   27.10    99999.00   3.83  Real     
 8502.48  -0.11   0.11    5.97e-03   32.40      226.30   3.83  Real     
 8518.03  -0.11   0.11    1.71e-04   19.10      147.40   3.83  Real     
 8529.02  -0.11   0.11    2.11e-04   21.00      195.20   3.83  Real     
 8531.52  -0.11   0.11    6.61e-05   24.10       66.50   3.83  Real     
 8545.39  -0.11   0.11    6.80e-03   31.90      839.90   3.83  Real     
 8548.03  -0.11   0.11    1.25e-05   21.30    99999.00   3.83  Real     
 8564.69  -0.11   0.11    2.69e-05   21.80       34.70   3.83  Real     
 8567.73  -0.14   0.14    1.23e-05   48.70       15.70   5.00  Real?    
 8578.79  -0.11   0.11    2.84e-03   52.40      620.00   3.83  Real     
 8581.87  -0.11   0.11    2.63e-04   23.00    99999.00   3.83  Real     
 8582.63  -0.11   0.11    3.18e-04   21.30    99999.00   3.83  Real     
 8584.38  -0.11   0.11    7.81e-05   21.10       65.80   3.83  Real     
 8598.38  -0.11   0.11    8.35e-03   32.50      663.80   3.83  Real     
 8608.29  -0.11   0.11    3.60e-05   25.30       29.80   3.83  Real     
 8617.06  -0.11   0.11    9.37e-05   54.20       84.30   3.83  Real     
 8629.24  -0.11   0.11    3.00e-05   34.00    99999.00   3.83  Real     
 8632.94  -0.11   0.11    4.90e-05   40.70    99999.00   3.83  Real     
 8648.27  -0.11   0.11    2.90e-04   20.70      271.60   3.83  Real     
 8650.79  -0.11   0.11    9.05e-05   20.70       83.90   3.83  Real     
 8653.42  -0.11   0.11    1.71e-05   19.00    99999.00   3.83  Real     
 8665.02  -0.11   0.11    9.49e-03   31.20     1255.00   3.83  Real     
 8675.89  -0.14   0.14    1.19e-05   32.30        4.90   5.00  Real     
 8680.37  -0.11   0.11    3.84e-04   56.80      396.10   3.83  Real     
 8683.52  -0.11   0.11    4.16e-04   57.60      382.00   3.83  Real     
 8686.27  -0.11   0.11    2.20e-04   52.30    99999.00   3.83  Real     
 8698.89  -0.14   0.14    7.99e-06   18.40       11.30   5.00  Real?    
 8703.33  -0.11   0.11    2.68e-04   54.00      254.20   3.83  Real     
 8711.78  -0.11   0.11    2.73e-04   52.80      234.70   3.83  Real     
 8718.96  -0.11   0.11    1.35e-04   53.40      143.90   3.83  Real     
 8727.29  -0.11   0.11    3.34e-04   58.30      136.60   3.83  Real     
 8729.67  -0.11   0.11    5.04e-05   36.40    99999.00   3.83  Real     
 8733.41  -0.11   0.11    3.81e-04   22.10      263.20   3.83  Real     
 8736.00  -0.11   0.11    1.36e-04   22.20      104.40   3.83  Real     
 8740.12  -0.15   0.15    2.99e-05   25.20       15.20   5.00  Real     
 8750.46  -0.11   0.11    1.31e-02   32.30      556.50   3.83  Real     
 8776.75  -0.11   0.11    3.96e-04   19.70    99999.00   3.83  Real     
 8780.67  -0.15   0.15    9.02e-06   19.50       11.70   5.00  Real     
 8806.90  -0.11   0.11    4.09e-05   42.00       47.00   3.83  Real     
 8816.62  -0.11   0.11    5.84e-05   19.80       59.10   3.83  Real     
 8820.44  -0.11   0.11    2.35e-05   27.30       22.70   3.83  Real     
 8829.75  -0.11   0.11    4.81e-05   24.20    99999.00   3.83  Real     
 8843.38  -0.15   0.15    6.02e-06   26.90        7.40   5.00  Real     
 8845.34  -0.11   0.11    5.00e-04   21.70      311.60   3.83  Real     
 8847.90  -0.11   0.11    1.91e-04   26.20    99999.00   3.83  Real     
 8849.08  -0.11   0.11    7.13e-05   27.40    99999.00   3.83  Real     
 8854.00  -0.11   0.11    1.14e-04   26.00       38.70   3.83  Real     
 8862.75  -0.11   0.11    1.62e-02   32.60      464.60   3.83  Real     
 8873.45  -0.11   0.11    3.23e-05   29.20       21.00   3.83  Real     
 8886.54  -0.15   0.15    7.17e-06   15.30        8.00   5.00  Real?    
 8892.24  -0.11   0.11    2.95e-05   49.00       26.60   3.83  Real     
 8914.75  -0.11   0.11    2.29e-04   21.30      131.90   3.83  Real     
 8930.78  -0.11   0.11    8.98e-05   24.20       51.20   3.83  Real     
 8949.24  -0.15   0.15    1.75e-05   15.30       16.50   5.00  Real     
 8996.95  -0.11   0.11    7.93e-04   24.30      371.10   3.83  Real     
 8999.59  -0.11   0.11    2.74e-04   40.70    99999.00   3.83  Real     
 9009.03  -0.14   0.14    7.02e-05   19.90       36.50   4.67  Real     
 9015.05  -0.14   0.14    1.26e-02   51.90      755.90   4.67  Real     
 9052.45  -0.17   0.17    1.70e-05   18.80        5.70   5.48  Real     
 9063.28  -0.14   0.14    5.51e-04   21.50      144.40   4.67  Real     
 9068.90  -0.14   0.14    1.78e-01   31.20     3977.00   4.67  Real     
 9085.52  -0.14   0.14    8.28e-05   15.80       51.10   4.67  Real+Flare
 9094.80  -0.14   0.14    1.03e-04   80.80      127.40   4.67  Real or Ghost
 9111.13  -0.14   0.14    8.65e-06   18.70       27.10   4.67  Real     
 9123.74  -0.14   0.14    7.69e-04   40.40      441.80   4.67  Real     
 9143.13  -0.17   0.17    2.24e-05   27.10        7.50   5.48  Real     
 9174.22  -0.14   0.14    6.71e-05   24.80       33.20   4.67  Real     
 9210.29  -0.14   0.14    8.79e-04   22.00      342.70   4.67  Real     
 9213.22  -0.14   0.14    2.73e-04   20.40      127.00   4.67  Real     
 9218.31  -0.14   0.14    4.47e-04   46.00      256.40   4.67  Real     
 9223.64  -0.14   0.14    6.36e-05   18.30    99990.00   4.67  Real     
 9229.00  -0.14   0.14    2.81e-02   32.50     1894.00   4.67  Real     
 9236.26  -0.14   0.14    1.36e-04   16.40       86.90   4.67  Real     
 9244.41  -0.14   0.14    2.11e-04   50.00      150.20   4.67  Real     
 9250.96  -0.17   0.17    2.42e-05   22.50       17.90   5.48  Real     
 9260.92  -0.14   0.14    4.70e-05   43.80    99999.00   4.67  Real     
 9262.67  -0.14   0.14    9.67e-05   43.70    99999.00   4.67  Real     
 9265.93  -0.14   0.14    1.25e-04   27.80       99.00   4.67  Real     
 9268.11  -0.17   0.17    7.44e-06   19.20        8.50   5.48  Real?    
 9303.06  -0.14   0.14    1.32e-04   20.00    99999.00   4.67  Real     
 9318.09  -0.15   0.15    1.14e-04   22.50       86.50   4.67  Real     
 9387.01  -0.15   0.15    1.45e-04   55.10      135.50   4.67  Real     
 9393.16  -0.15   0.15    5.32e-05   40.00       31.60   4.67  Real     
 9463.59  -0.15   0.15    1.38e-03   23.30      473.90   4.67  Real     
 9516.59  -0.15   0.15    8.09e-04   35.70      247.10   4.67  Real (over weak
 9530.93  -0.15   0.15    4.22e-01   42.80     5092.00   4.67  Real     
 9545.85  -0.15   0.15    3.59e-02   32.60     1107.00   4.67  Real     
 9552.90  -0.15   0.15    1.39e-04   24.70       66.50   4.67  Real     
 9603.40  -0.15   0.15    1.69e-04   16.00      116.90   4.67  Real     
 9625.45  -0.15   0.15    2.28e-04   30.30      103.10   4.67  Real     
 9702.53  -0.15   0.15    1.20e-04   29.60       51.40   4.67  Real     
 9778.84  -0.15   0.15    4.36e-05   68.40       25.60   4.67  Real     
 9794.19  -0.18   0.18    1.64e-05   29.30        9.00   5.48  Real?    
 9797.66  -0.15   0.15    1.07e-04   35.40       70.40   4.67  Blend-N+Real
 9805.38  -0.15   0.15    5.21e-05   71.60       22.60   4.67  Real     
 9809.77  -0.15   0.15    8.21e-05   57.50       40.50   4.67  Real     
 9822.28  -0.15   0.15    7.60e-05   40.60    99999.00   4.67  Real?    
 9824.09  -0.15   0.15    4.41e-04   56.20    99999.00   4.67  Real     
 9834.63  -0.18   0.18    8.15e-05   51.50       14.70   5.48  Real     
