4610.24 -0.70  0.70   5.98e-03  86.44      1.99    [Fe III] 4607.12+
4643.65 -0.37  0.37   5.69e-03  79.70      5.67        O II 4641.81+
4660.11 -0.54  0.54   2.91e-03  66.04      2.79     [Fe III] 4658.10
4711.78 -0.84  0.84   1.24e-02  93.77      1.59     [Ar IV] 4711.37+
4742.77 -0.30  0.30   4.78e-03  53.92     25.21      [Ar IV] 4740.17
4758.63 -0.55  0.55   5.63e-04  70.32      2.68     [Fe III] 4754.81
4864.01 -0.30  0.30   1.00e+00  53.19     34.51          H I 4861.32
4881.55 -0.74  0.74   1.92e-03 114.01      1.86    [Fe III] 4881.073
4961.65 -0.30  0.30   1.25e+00  45.75     44.66      [O III] 4958.91
4988.88 -0.34  0.34   3.20e-03  67.21      7.80    [Fe III] 4987.20+
5009.58 -0.30  0.30   4.11e+00  50.70     42.08      [O III] 5006.84
5018.20 -0.80  0.80   3.68e-03  12.39      1.68         He I 5015.68
5045.97 -0.47  0.47   2.40e-03  62.24      3.45        Si II 5041.03
5135.49 -0.96  0.96   1.89e-04   6.62      1.37          O I 5131.14
5150.78 -0.36  0.36   1.23e-03  78.27      6.36          O I 5146.61
5203.09 -0.44  0.44   7.41e-04  28.96      3.83      [N I]  5199.00+
5223.96 -0.64  0.64   1.31e-03  62.83      2.20       Si II 5219.31 
5274.27 -0.98  0.98   2.52e-04  18.21      1.34    [Fe III] 5270.40+
5336.27 -0.51  0.51   1.27e-03  95.17      3.00     [Fe II] 5333.646
5379.09 -0.61  0.61   6.97e-04  96.35      2.34     [Fe II] 5376.452
5520.76 -0.31  0.31   3.61e-03  46.02     20.02     [Cl III] 5517.71
5541.00 -0.32  0.32   2.76e-03  51.04     12.34    [Cl III]] 5537.88
5749.55 -0.36  0.36   5.24e-04  65.05      6.35                 None
5758.61 -0.86  0.86   7.30e-04  40.87      1.56       [N II] 5755.08
5870.82 -0.66  0.66   1.07e-02 101.19      2.12        Ni II 5867.99
5878.97 -0.30  0.30   8.96e-02  43.16     37.12         He I 5875.62
5963.25 -0.80  0.80   1.94e-03  81.27      1.69        Si II 5957.56
5982.88 -0.45  0.45   7.89e-04  75.38      3.68        Si II 5978.93
6033.08 -0.51  0.51   2.77e-04  42.92      3.05                  UIL
6059.95 -1.25  1.25   1.43e-03 199.98      1.03          O I 6046.23
6252.48 -0.31  0.31   1.07e-03  48.43     17.69        Fe II 6248.91
6264.90 -0.38  0.38   1.22e-03  65.37      5.27                  UIL
6274.74 -0.57  0.57   6.41e-03  48.87      2.56                 UIL+
6315.43 -0.32  0.32   1.49e-02  43.07     12.95      [S III] 6312.06
6322.76 -1.04  1.04   7.68e-04   4.31      1.25        Fe II 6317.99
6352.43 -0.65  0.65   2.25e-04  46.49      2.18        Si II 6347.11
6391.78 -0.84  0.84   8.30e-04   6.38      1.60       Fe II 6383.73+
6437.61 -0.35  0.35   1.25e-03  56.27      7.23                  UIL
6456.30 -0.79  0.79   7.75e-04  44.96      1.71                  UIL
6461.56 -0.45  0.45   1.57e-03  68.02      3.71                  UIL
6470.62 -0.68  0.68   2.86e-03  67.99      2.03                  UIL
6488.35 -0.86  0.86   3.89e-04  29.09      1.55                  UIL
6505.66 -0.39  0.39   5.12e-04  21.28      4.96                  UIL
6520.63 -0.48  0.48   3.28e-03  78.77      3.31        Fe II 6517.03
6551.85 -0.32  0.32   1.66e-02  34.55     10.92       [N II] 6548.05
6566.51 -0.30  0.30   3.03e+00  39.32     33.20          H I 6562.79
6587.30 -0.30  0.30   5.92e-02  42.14     31.26       [N II] 6583.45
6619.30 -0.38  0.38   1.17e-04  29.55      5.35                  UIL
6631.85 -0.51  0.51   5.37e-04  77.71      3.00                 UIL+
6640.94 -0.50  0.50   6.28e-04  65.16      3.13                  UIL
6651.03 -0.50  0.50   5.47e-04  72.60      3.16                  UIL
6660.70 -0.77  0.77   3.43e-05   4.38      1.75                  UIL
6681.92 -0.33  0.33   2.22e-02  27.91      9.13         He I 6678.15
6702.09 -0.33  0.33   3.32e-04  49.40      9.02                  UIL
6720.40 -0.30  0.30   6.79e-02  33.65     28.64       [S II] 6716.44
6734.85 -0.30  0.30   6.07e-02  42.70     26.02      [S II] 6730.816
6780.88 -0.50  0.50   2.56e-04  49.24      3.10                  UIL
6794.50 -0.91  0.91   1.60e-04 128.88      1.45        [K IV] 6795.1
6851.44 -0.34  0.34   2.83e-04  52.02      8.18                  UIL
6991.29 -0.45  0.45   1.14e-03  27.10      3.67                  UIL
7013.05 -0.39  0.39   2.78e-03  42.81      4.94                  UIL
7020.82 -0.51  0.51   2.58e-03  75.10      2.99                  UIL
7031.93 -0.75  0.75   2.93e-03  70.35      1.83                  UIL
7043.59 -0.53  0.53   2.23e-03  64.87      2.87                  UIL
7046.86 -0.56  0.56   1.04e-03  80.06      2.63                  UIL
7060.69 -0.47  0.47   1.15e-03  64.37      3.51                  UIL
7069.30 -0.30  0.30   1.36e-02  19.01     48.48         He I 7065.28
7083.12 -0.47  0.47   9.40e-04  63.73      3.46                  UIL
7096.36 -0.39  0.39   4.00e-04  35.17      4.91                  UIL
7113.63 -0.55  0.55   1.02e-03  51.32      2.70                  UIL
7139.86 -0.30  0.30   8.86e-02  38.44     32.75     [Ar III] 7135.78
7188.64 -0.32  0.32   7.06e-03  43.99     12.97                  UIL
7202.46 -0.38  0.38   2.96e-03  33.79      5.51                  UIL
7227.37 -0.60  0.60   2.81e-03  39.57      2.42                  UIL
7259.22 -1.00  1.00   9.97e-04  14.27      1.30         O I 7254.15+
7267.76 -0.34  0.34   5.45e-03  41.65      7.41      [Ar IV] 7262.7+
7285.04 -0.33  0.33   9.37e-03  38.13      9.10         He I 7281.35
7292.36 -0.33  0.33   9.90e-03  48.84      8.87                  UIL
7310.55 -0.32  0.32   2.71e-03  32.51     11.14                  UIL
7324.13 -0.31  0.31   2.41e-02  35.65     19.61      [O II] 7319.99+
7334.55 -0.39  0.39   1.24e-02  31.72      5.11      [O II] 7330.73+
7380.06 -0.99  0.99   4.27e-04  31.44      1.33      [Ni II] 7377.83
7430.52 -0.74  0.74   1.19e-03  49.18      1.84                  UIL
7444.28 -0.71  0.71   3.38e-04  73.80      1.94          N I 7442.30
7468.41 -0.55  0.55   7.05e-04  43.52      2.70                  UIL
7473.54 -0.36  0.36   4.60e-04  22.24      6.53         N I 7468.31+
7493.56 -0.39  0.39   2.44e-04  20.49      5.09                  UIL
7503.87 -0.33  0.33   4.09e-04  40.00     10.00         He I 7499.85
7518.31 -0.43  0.43   7.26e-04  43.77      4.12      Fe II 7513.1762
7531.11 -0.31  0.31   1.33e-03  39.56     20.58                 UIL+
7534.62 -0.30  0.30   1.36e-04  20.48     27.61       [Cl IV] 7530.8
7633.13 -0.45  0.45   1.95e-02   4.24      3.69                  UIL
7642.37 -0.44  0.44   2.30e-02  29.08      3.86                  UIL
7667.93 -0.34  0.34   8.77e-03  33.86      8.06                  UIL
7726.83 -0.52  0.52   2.85e-04  10.30      2.93                 UIL+
7728.11 -0.40  0.40   5.67e-04  54.27      4.86                  UIL
7742.95 -0.73  0.73   1.90e-03  82.63      1.87                  UIL
7755.56 -0.31  0.31   1.67e-02  21.98     15.46     [Ar III] 7751.10
7773.11 -0.44  0.44   5.33e-04   3.30      3.95                  UIL
7787.23 -0.59  0.59   5.07e-04  32.14      2.44                  UIL
7794.56 -0.35  0.35   2.79e-03  26.67      7.11                 UIL+
7821.77 -0.38  0.38   2.22e-03   9.30      5.31        He I 7816.13+
7841.99 -0.31  0.31   1.49e-03  35.00     16.21                 UIL+
7853.56 -0.71  0.71   1.55e-03  19.91      1.94                 UIL+
7878.77 -1.00  1.00   3.93e-04   2.11      1.32      [P II] 7875.99+
7921.92 -0.36  0.36   1.10e-03  24.60      6.57                 UIL+
7964.94 -0.35  0.35   3.91e-03  28.39      7.10                 UIL+
8003.63 -0.68  0.68   8.10e-04  47.19      2.04     [Fe II] 7997.03+
8050.89 -0.48  0.48   5.46e-04  36.16      3.35     [Cl IV] 8045.62+
8073.22 -0.39  0.39   4.28e-04  24.87      5.10                  UIL
8087.99 -0.42  0.42   5.09e-04  12.10      4.35                  UIL
8132.03 -0.58  0.58   3.01e-03  26.30      2.50        Ca I] 8125.31
8192.09 -0.34  0.34   3.30e-03  38.30      7.45         N I 8188.012
8194.42 -0.81  0.81   1.66e-03   0.42      1.67                  UIL
8212.01 -0.36  0.36   1.92e-03  25.54      6.39                  UIL
8213.75 -0.54  0.54   4.46e-03  59.34      2.82         N I 8210.715
8219.57 -0.38  0.38   1.32e-03   0.31      5.36         N I 8216.34+
8233.12 -0.58  0.58   7.63e-04   3.75      2.55         O I 8230.00+
8248.94 -0.73  0.73   2.34e-03  58.68      1.88          N I 8242.39
8291.84 -0.35  0.35   5.01e-03   4.73      6.64                  UIL
8296.89 -0.54  0.54   1.96e-03  11.16      2.76          H I 8292.31
8303.00 -0.54  0.54   2.03e-03  11.55      2.81                 UIL+
8319.12 -0.42  0.42   2.28e-03  23.03      4.29          H I 8314.26
8325.35 -0.78  0.78   3.04e-03  59.08      1.74          H I 8323.42
8337.43 -0.54  0.54   4.94e-03  47.39      2.80                 UIL+
8350.59 -0.64  0.64   7.30e-04   6.87      2.21          H I 8345.55
8364.31 -0.35  0.35   2.43e-03   5.92      6.91         H I 8359.00+
8379.23 -0.31  0.31   3.03e-03  29.66     14.42          H I 8374.48
8418.21 -0.32  0.32   1.93e-03  25.92     12.42         H I 8413.32+
8442.84 -0.32  0.32   4.16e-03  31.06     12.85          H I 8437.96
8452.20 -0.34  0.34   7.35e-04   2.20      8.10          O I 8446.48
8472.08 -0.31  0.31   3.96e-03  29.97     22.58          H I 8467.26
8481.79 -0.72  0.72   4.28e-04  55.39      1.91                  UIL
8507.24 -0.31  0.31   5.84e-03  36.13     14.63          H I 8502.49
8523.38 -0.54  0.54   1.32e-03  60.03      2.82         He I 8518.04
8526.92 -0.50  0.50   2.96e-04  49.31      3.16                  UIL
8533.63 -0.31  0.31   4.20e-04  34.22     18.69         He I 8528.95
8550.26 -0.34  0.34   1.07e-02  39.94      8.04         H I 8545.38+
8565.22 -0.34  0.34   4.14e-04  38.01      8.09                  UIL
8583.14 -0.43  0.43   2.30e-04   2.63      4.12     [Cl II] 8578.69+
8588.30 -1.06  1.06   2.22e-04   8.40      1.23        He I 8582.61+
8603.32 -0.39  0.39   6.41e-03  26.61      5.14          H I 8598.39
8622.90 -0.36  0.36   2.03e-04  37.09      6.48      [Fe II] 8616.95
8507.17 -0.46  0.46   1.89e-04   5.27      3.55          N I 8629.24
8655.53 -0.30  0.30   9.98e-04  23.14     75.67                 UIL+
8663.31 -0.89  0.89   2.59e-03  38.30      1.49                  UIL
8670.08 -0.31  0.31   1.18e-02  32.91     13.56          H I 8665.02
8687.26 -0.91  0.91   1.18e-03  61.79      1.45                 UIL+
8697.14 -0.48  0.48   7.97e-04  49.47      3.36                 UIL+
8700.29 -0.33  0.33   4.50e-04  39.57      8.39                 UIL+
8709.80 -0.78  0.78   3.07e-04  69.60      1.73         N I 8703.247
8731.94 -0.33  0.33   6.21e-04  35.34      9.51        [C I] 8727.13
8738.25 -0.31  0.31   3.50e-04  28.05     13.08         He I 8733.43
8744.06 -0.32  0.32   3.15e-04  36.72     10.50                  UIL
8755.44 -0.30  0.30   1.07e-02  26.93     30.29          H I 8750.47
8792.75 -0.32  0.32   8.44e-04  18.93     11.26                  UIL
8816.19 -0.57  0.57   1.24e-03  58.38      2.59                  UIL
8845.59 -0.31  0.31   5.18e-04  12.71     15.10                  UIL
8855.64 -0.31  0.31   5.33e-04  24.43     15.71                  UIL
8867.93 -0.30  0.30   1.57e-02  25.78     29.15          H I 8862.79
8893.80 -0.30  0.30   3.27e-04  31.09     22.84                  UIL
8898.46 -0.53  0.53   1.36e-03  34.26      2.90                  UIL
9020.13 -0.31  0.31   2.40e-02  35.08     13.88          H I 9014.91
9036.44 -0.69  0.69   3.08e-03  68.22      2.02                  UIL
9038.20 -0.84  0.84   3.00e-03  34.57      1.60                  UIL
9066.03 -0.64  0.64   1.19e-02  42.01      2.23         He I 9063.29
9074.22 -0.31  0.31   1.10e-01  25.58     16.47      [S III] 9068.90
9103.12 -0.35  0.35   1.44e-02  36.17      6.93                  UIL
9125.30 -0.81  0.81   3.63e-03  50.14      1.67      [Cl II] 9123.60
9147.24 -1.16  1.16   2.74e-03  40.84      1.12                  UIL
9234.28 -0.31  0.31   2.22e-02  24.40     20.69          H I 9229.01
9265.89 -0.96  0.96   2.14e-03  85.66      1.38                  UIL
9302.43 -0.38  0.38   4.17e-03  28.44      5.48                  UIL
