4608.36 -0.45  0.45   4.78e-04  47.84      3.80    [Fe III] 4607.12+
4643.44 -0.40  0.40   2.17e-03  97.89      4.72        O II 4641.81+
4651.98 -0.40  0.40   2.14e-03  77.60      4.60        O II 4649.13+
4663.95 -0.78  0.78   1.34e-03 131.59      1.75     [Fe III] 4658.10
4686.85 -0.88  0.88   7.67e-04  56.08      1.51       He II  4685.68
4714.03 -0.33  0.33   1.06e-02  71.09      8.40     [Ar IV] 4711.37+
4742.72 -0.31  0.31   7.80e-03  62.10     16.30      [Ar IV] 4740.17
4759.35 -1.06  1.06   5.83e-04  13.51      1.23     [Fe III] 4754.81
4863.83 -0.30  0.30   1.00e+00  57.04     31.68          H I 4861.32
4883.47 -0.53  0.53   5.96e-04  38.84      2.86    [Fe III] 4881.073
4924.46 -0.31  0.31   8.34e-03  45.21     21.45         He I 4921.93
4929.27 -1.11  1.11   3.00e-03 184.76      1.17     [Fe III] 4930.64
4961.39 -0.30  0.30   1.82e+00  55.96     30.53      [O III] 4958.91
4991.31 -0.83  0.83   1.49e-03 127.48      1.61    [Fe III] 4987.20+
5009.37 -0.30  0.30   4.38e+00  36.72     85.96      [O III] 5006.84
5018.20 -0.32  0.32   1.75e-02  42.95     11.68         He I 5015.68
5045.55 -0.36  0.36   2.38e-03  74.60      6.25        Si II 5041.03
5049.87 -0.33  0.33   1.93e-03  55.47      9.30         He I 5047.74
5134.87 -0.67  0.67   3.46e-04  51.34      2.09          O I 5131.14
5150.40 -0.41  0.41   1.16e-03  83.21      4.49          O I 5146.61
5160.62 -1.17  1.17   2.57e-04   6.68      1.11      [Fe II] 5158.81
5202.03 -0.34  0.34   7.32e-03  70.37      7.44      [N I]  5199.00+
5223.44 -0.49  0.49   1.58e-03  66.21      3.26       Si II 5219.31 
5273.16 -1.10  1.10   3.70e-04  65.10      1.18    [Fe III] 5270.40+
5336.04 -0.44  0.44   1.38e-03  81.72      3.91     [Fe II] 5333.646
5379.48 -0.53  0.53   8.33e-04  82.02      2.89     [Fe II] 5376.452
5520.60 -0.31  0.31   2.56e-03  27.82     18.64     [Cl III] 5517.71
5540.90 -0.31  0.31   2.12e-03  44.05     15.38    [Cl III]] 5537.88
5743.13 -0.52  0.52   2.00e-04  10.18      2.96       Si III 5739.73
5750.14 -0.32  0.32   3.18e-04  73.78     12.10                 None
5758.76 -0.96  0.96   2.59e-04   2.38      1.38       [N II] 5755.08
5871.92 -0.60  0.60   7.81e-03  92.47      2.39        Ni II 5867.99
5878.75 -0.30  0.30   1.16e-01  45.55     33.55         He I 5875.62
5962.15 -0.45  0.45   9.86e-04  59.29      3.69        Si II 5957.56
5982.15 -0.34  0.34   1.06e-03  45.40      7.45        Si II 5978.93
6032.93 -0.49  0.49   2.46e-04  11.17      3.19                  UIL
6049.54 -0.31  0.31   4.32e-04  54.66     13.86          O I 6046.23
6104.88 -0.94  0.94   1.42e-04   0.35      1.40       [K IV] 6101.79
6251.97 -0.39  0.39   9.64e-04  64.34      5.13        Fe II 6248.91
6265.41 -0.33  0.33   6.13e-04  42.33      9.50                  UIL
6275.05 -0.71  0.71   8.28e-04  49.23      1.95                 UIL+
6304.34 -0.91  0.91   9.48e-03   3.45      1.46        [O I] 6300.30
6315.34 -0.31  0.31   8.03e-03  32.57     17.62      [S III] 6312.06
6321.07 -0.38  0.38   2.18e-03  55.82      5.20        Fe II 6317.99
6350.75 -0.35  0.35   7.89e-04  47.11      6.59        Si II 6347.11
6368.07 -0.51  0.51   4.25e-03  11.43      3.05       [O I] 6363.78 
6374.79 -0.35  0.35   4.88e-04  24.73      7.24       Si II 6371.36 
6436.49 -0.59  0.59   4.03e-04  44.84      2.49                  UIL
6471.51 -0.39  0.39   1.40e-03  60.62      5.06                  UIL
6493.23 -0.99  0.99   4.22e-04  94.82      1.33                  UIL
6505.55 -0.35  0.35   6.40e-04   1.04      6.86                  UIL
6532.96 -0.33  0.33   1.29e-03  22.00      9.71                 UIL+
6552.61 -1.12  1.12   7.43e-03  29.84      1.16       [N II] 6548.05
6566.19 -0.30  0.30   3.23e+00  41.47     34.55          H I 6562.79
6587.83 -0.32  0.32   5.01e-02  40.89     12.63       [N II] 6583.45
6620.65 -0.56  0.56   1.59e-04  53.99      2.64                  UIL
6632.44 -1.18  1.18   5.05e-04  34.72      1.09                 UIL+
6640.66 -0.36  0.36   3.93e-04  45.19      6.30                  UIL
6649.47 -0.43  0.43   3.26e-04  28.64      4.13                  UIL
6661.41 -0.99  0.99   2.17e-04  35.06      1.33                  UIL
6681.61 -0.30  0.30   2.92e-02  33.31     33.36         He I 6678.15
6703.28 -0.30  0.30   2.82e-04  23.39     22.74                  UIL
6720.57 -0.37  0.37   6.91e-02  15.19      5.89       [S II] 6716.44
6735.29 -0.31  0.31   8.22e-02  42.36     14.04      [S II] 6730.816
6781.02 -0.51  0.51   2.76e-04  40.81      3.05                  UIL
6798.19 -0.46  0.46   1.51e-04  21.25      3.53        [K IV] 6795.1
6841.72 -0.71  0.71   3.86e-04  16.39      1.95                 None
6852.26 -0.59  0.59   2.56e-04  68.00      2.45                  UIL
6991.80 -0.62  0.62   2.69e-04   4.34      2.29                  UIL
7006.80 -0.35  0.35   5.53e-04  22.68      6.66          O I 7001.92
7012.72 -0.57  0.57   4.60e-04  68.20      2.57                  UIL
7030.22 -0.43  0.43   5.34e-04  38.44      4.13                  UIL
7042.17 -0.38  0.38   5.08e-04  60.52      5.21                  UIL
7048.07 -0.63  0.63   3.18e-04   7.85      2.26                  UIL
7068.89 -0.30  0.30   2.19e-02  35.80     34.09         He I 7065.28
7082.78 -0.49  0.49   1.27e-04   3.63      3.22                  UIL
7096.87 -0.46  0.46   3.56e-04  44.56      3.59                  UIL
7110.58 -0.31  0.31   2.52e-04  37.08     19.29                  UIL
7139.35 -0.30  0.30   6.18e-02  14.58     28.02     [Ar III] 7135.78
7161.40 -0.79  0.79   5.00e-04 112.56      1.71         He I 7160.13
7174.22 -0.44  0.44   5.28e-04  16.99      3.93       [Ar IV] 7170.5
7182.05 -0.98  0.98   1.47e-04   1.83      1.34                  UIL
7188.78 -0.31  0.31   9.27e-04  35.17     14.38                  UIL
7202.94 -0.31  0.31   4.62e-04  18.59     13.93                  UIL
7258.97 -0.33  0.33   9.08e-04  34.84      8.50         O I 7254.15+
7270.03 -0.84  0.84   1.28e-03  80.03      1.60      [Ar IV] 7262.7+
7284.92 -0.31  0.31   9.33e-03  33.13     21.20         He I 7281.35
7291.19 -1.02  1.02   5.74e-04  26.63      1.29                  UIL
7309.70 -0.53  0.53   2.71e-03  67.69      2.88                  UIL
7324.51 -0.72  0.72   4.58e-03  10.39      1.90      [O II] 7319.99+
7429.49 -0.37  0.37   5.29e-04  11.14      5.79                  UIL
7446.79 -0.31  0.31   8.31e-04  33.95     21.71          N I 7442.30
7457.55 -1.17  1.17   7.75e-05  33.55      1.11     [Fe II] 7452.54?
7466.84 -0.40  0.40   5.30e-04   8.40      4.82                  UIL
7472.54 -0.65  0.65   1.73e-03  37.22      2.17         N I 7468.31+
7493.17 -0.70  0.70   3.33e-04   4.11      1.99                  UIL
7503.49 -0.32  0.32   4.29e-04  30.47     11.96         He I 7499.85
7517.69 -0.37  0.37   1.54e-03  45.49      5.61      Fe II 7513.1762
7530.67 -0.34  0.34   1.43e-03  25.25      7.81                 UIL+
7534.34 -0.30  0.30   8.55e-04  14.88    118.08       [Cl IV] 7530.8
7633.13 -0.45  0.45   2.93e-03  10.89      3.68                  UIL
7641.95 -0.49  0.49   2.42e-03  15.07      3.27                  UIL
7667.63 -0.35  0.35   1.36e-03  34.44      7.08                  UIL
7710.75 -1.01  1.01   2.03e-03   8.03      1.30                 UIL+
7743.91 -0.57  0.57   4.52e-03  71.20      2.59                  UIL
7754.96 -0.36  0.36   1.65e-02  30.64      6.11     [Ar III] 7751.10
7773.48 -0.76  0.76   8.48e-04  19.25      1.80                  UIL
7787.47 -0.56  0.56   1.15e-03  50.83      2.67                  UIL
7821.66 -0.35  0.35   6.64e-03  13.88      6.88        He I 7816.13+
7841.68 -0.35  0.35   2.02e-03  10.15      6.86                 UIL+
7895.78 -0.47  0.47   6.27e-04  45.96      3.48                  UIL
8004.53 -0.83  0.83   1.72e-04  10.43      1.62     [Fe II] 7997.03+
8040.00 -0.81  0.81   2.75e-04  70.92      1.65                  UIL
8050.76 -0.46  0.46   1.61e-03  46.04      3.58     [Cl IV] 8045.62+
8087.60 -0.39  0.39   4.11e-04  43.98      4.87                  UIL
8131.71 -0.42  0.42   4.05e-04   7.53      4.26        Ca I] 8125.31
8155.68 -0.82  0.82   3.75e-04   0.70      1.63                  UIL
8192.37 -0.31  0.31   8.50e-04  37.57     16.30         N I 8188.012
8195.05 -0.70  0.70   3.17e-04  27.96      1.98                  UIL
8204.91 -0.35  0.35   5.31e-04  39.76      6.95 N I 8200.357        
8211.81 -0.78  0.78   1.07e-04  11.30      1.73                  UIL
8214.89 -0.32  0.32   1.18e-03  41.52     10.17         N I 8210.715
8221.07 -0.31  0.31   1.85e-03  39.82     15.69         N I 8216.34+
8228.13 -0.36  0.36   1.51e-03  38.66      6.10         N I 8223.14+
8233.92 -0.50  0.50   3.80e-04  25.84      3.16         O I 8230.00+
8238.31 -1.04  1.04   5.58e-04  64.55      1.26        He II 8236.78
8247.35 -0.32  0.32   1.26e-03  27.25     11.13          N I 8242.39
8272.11 -0.46  0.46   7.29e-04  22.96      3.55                  UIL
8277.93 -0.84  0.84   4.90e-04   9.11      1.59                  UIL
8288.11 -0.64  0.64   1.45e-03   3.83      2.20                 UIL+
8291.89 -0.37  0.37   1.76e-03  31.41      5.73                  UIL
8303.81 -0.37  0.37   2.93e-03  42.92      5.57                 UIL+
8310.55 -0.34  0.34   2.00e-03  13.95      8.17         H I 8306.11+
8318.54 -0.32  0.32   1.47e-03  31.73     12.13          H I 8314.26
8327.66 -0.33  0.33   1.58e-03  31.47      8.91          H I 8323.42
8334.60 -0.45  0.45   9.51e-04  55.42      3.78                  UIL
8338.31 -0.49  0.49   1.07e-02  56.43      3.27                 UIL+
8349.03 -0.76  0.76   1.24e-03  21.77      1.79          H I 8345.55
8364.31 -0.31  0.31   2.26e-03  24.79     15.73         H I 8359.00+
8378.18 -0.35  0.35   1.03e-03   5.40      6.85          H I 8374.48
8393.11 -0.67  0.67   3.50e-04  10.98      2.09                  UIL
8413.71 -1.00  1.00   8.45e-03 101.87      1.30         H I 8413.32+
8442.31 -0.31  0.31   3.25e-03  27.58     20.91          H I 8437.96
8451.85 -0.30  0.30   7.34e-03  16.62     37.70          O I 8446.48
8464.12 -0.86  0.86   3.61e-03  32.32      1.54                 UIL+
8471.45 -0.42  0.42   3.01e-03  25.94      4.20          H I 8467.26
8480.29 -0.36  0.36   2.87e-04  37.27      6.50                  UIL
8506.78 -0.31  0.31   3.05e-03  17.03     20.17          H I 8502.49
8522.60 -0.37  0.37   4.77e-04  49.87      5.60         He I 8518.04
8528.38 -0.56  0.56   2.15e-04  35.73      2.63                  UIL
8533.30 -0.40  0.40   5.04e-04  38.72      4.79         He I 8528.95
8549.64 -0.31  0.31   8.82e-03  35.36     13.30         H I 8545.38+
8555.48 -0.40  0.40   1.04e-03  33.02      4.72                  UIL
8565.86 -0.43  0.43   4.18e-04  34.69      4.12                  UIL
8584.00 -0.32  0.32   6.87e-04  20.58     10.18     [Cl II] 8578.69+
8588.15 -0.51  0.51   3.97e-04  14.15      3.01        He I 8582.61+
8602.82 -0.30  0.30   6.06e-03  25.92     25.63          H I 8598.39
8617.02 -0.56  0.56   1.91e-04  15.33      2.66                  UIL
8623.18 -0.39  0.39   3.15e-04  44.18      5.10      [Fe II] 8616.95
8635.73 -0.33  0.33   7.75e-04  17.24      9.19          N I 8629.24
8654.87 -0.52  0.52   8.82e-04  23.16      2.92                 UIL+
8664.73 -0.30  0.30   3.48e-03  29.54     23.95                  UIL
8669.59 -0.31  0.31   9.69e-03  28.01     20.78          H I 8665.02
8687.18 -0.87  0.87   9.85e-04  72.52      1.53                 UIL+
8698.27 -0.43  0.43   5.42e-04  45.09      4.05                 UIL+
8700.06 -0.37  0.37   6.97e-04  47.13      5.79                 UIL+
8707.97 -0.32  0.32   7.14e-04  31.89     10.72         N I 8703.247
8717.03 -0.40  0.40   3.70e-04  30.83      4.80         N I 8711.703
8725.23 -0.92  0.92   2.10e-04  38.67      1.44         N I 8718.837
8737.76 -0.39  0.39   2.65e-04  13.07      4.89         He I 8733.43
8744.27 -0.70  0.70   2.11e-04   7.80      1.99                  UIL
8754.83 -0.31  0.31   1.07e-02  29.28     20.08          H I 8750.47
8819.13 -0.97  0.97   1.11e-03  93.59      1.35                  UIL
8857.27 -0.51  0.51   7.87e-04  47.94      2.99                  UIL
8867.46 -0.30  0.30   1.89e-02  27.15     23.64          H I 8862.79
8952.30 -0.57  0.57   1.59e-03  31.66      2.58                  UIL
9019.45 -0.30  0.30   1.52e-02  23.35     61.98          H I 9014.91
9067.24 -0.60  0.60   7.01e-03  55.70      2.43         He I 9063.29
9073.49 -0.30  0.30   9.65e-02  26.07     32.90      [S III] 9068.90
9103.17 -0.31  0.31   2.68e-03  29.63     13.98                  UIL
9125.74 -0.62  0.62   7.26e-04  57.87      2.29      [Cl II] 9123.60
9160.72 -0.50  0.50   3.14e-04   1.55      3.16                  UIL
9209.41 -0.55  0.55   2.15e-04   2.85      2.71        Ca I] 9204.09
9215.44 -0.35  0.35   5.72e-04  18.10      7.02         He I 9210.28
9225.42 -0.46  0.46   3.52e-04  10.37      3.63        Fe I] 9218.47
9233.69 -0.30  0.30   2.60e-02  29.78     23.63          H I 9229.01
9240.02 -0.57  0.57   3.33e-03  51.58      2.57                 UIL+
9249.21 -0.46  0.46   6.36e-04  33.37      3.54        Ca I] 9244.31
9267.78 -0.78  0.78   3.06e-04  58.91      1.74                  UIL
