4609.00 -0.32  0.32   2.92e-04  50.66     10.66    [Fe III] 4607.12+
4643.35 -0.47  0.47   6.91e-04 103.90      3.40        O II 4641.81+
4652.44 -0.33  0.33   6.72e-04  59.67      9.68        O II 4649.13+
4660.54 -0.34  0.34   1.05e-03  37.08      7.84     [Fe III] 4658.10
4704.80 -0.94  0.94   3.34e-04  37.89      1.41     [Fe III] 4701.62
4714.53 -0.40  0.40   5.45e-03  67.01      4.60     [Ar IV] 4711.37+
4742.76 -0.31  0.31   4.22e-03  57.64     21.67      [Ar IV] 4740.17
4758.73 -0.61  0.61   3.48e-04  70.29      2.36     [Fe III] 4754.81
4817.19 -0.71  0.71   1.46e-04  25.80      1.96     [Fe II] 4814.534
4863.93 -0.30  0.30   1.00e+00  57.90     26.88          H I 4861.32
4883.39 -0.32  0.32   5.15e-04  38.46     10.30    [Fe III] 4881.073
4924.60 -0.30  0.30   9.04e-03  54.22     27.06         He I 4921.93
4933.74 -0.55  0.55   5.30e-04  81.25      2.71     [Fe III] 4930.64
4961.55 -0.30  0.30   1.21e+00  53.54     33.28      [O III] 4958.91
4988.71 -0.32  0.32   1.59e-03  61.49     11.65    [Fe III] 4987.20+
5009.50 -0.30  0.30   3.40e+00  48.89     48.37      [O III] 5006.84
5018.41 -0.30  0.30   1.97e-02  55.16     25.01         He I 5015.68
5044.42 -0.40  0.40   7.24e-04  75.63      4.62        Si II 5041.03
5050.34 -0.30  0.30   1.51e-03  51.42     29.33         He I 5047.74
5062.08 -0.88  0.88   4.93e-04 151.06      1.52        Si II 5055.98
5134.66 -0.81  0.81   6.75e-05  19.34      1.67          O I 5131.14
5150.07 -0.50  0.50   2.29e-04  76.90      3.12          O I 5146.61
5163.34 -0.80  0.80   3.68e-04  92.11      1.68      [Fe II] 5158.81
5194.08 -0.39  0.39   6.44e-04  29.13      4.97    [Ar  III] 5191.82
5202.12 -0.37  0.37   1.88e-03  77.16      5.62      [N I]  5199.00+
5223.08 -0.47  0.47   4.24e-04  74.21      3.50       Si II 5219.31 
5273.49 -0.40  0.40   4.72e-04  55.95      4.85    [Fe III] 5270.40+
5336.30 -0.47  0.47   4.72e-04  89.99      3.47     [Fe II] 5333.646
5378.91 -0.49  0.49   3.35e-04  84.97      3.19     [Fe II] 5376.452
5520.70 -0.31  0.31   3.18e-03  46.92     18.03     [Cl III] 5517.71
5540.84 -0.30  0.30   2.52e-03  48.97     24.33    [Cl III]] 5537.88
5743.24 -0.42  0.42   1.09e-04  42.01      4.21       Si III 5739.73
5749.42 -0.41  0.41   4.39e-04  75.28      4.42                 None
5757.90 -0.31  0.31   2.15e-03  47.29     15.87       [N II] 5755.08
5870.36 -0.76  0.76   4.25e-03 103.58      1.80        Ni II 5867.99
5878.88 -0.30  0.30   1.24e-01  47.91     25.97         He I 5875.62
5961.72 -0.39  0.39   3.81e-04  58.25      4.89        Si II 5957.56
5983.13 -0.32  0.32   2.35e-04  32.76     12.24        Si II 5978.93
6033.01 -0.35  0.35   3.05e-04  38.96      6.93                  UIL
6040.84 -0.32  0.32   4.18e-04  54.01     10.53                  UIL
6049.79 -0.30  0.30   2.22e-04  38.56     27.51          O I 6046.23
6086.67 -0.67  0.67   1.00e-04  33.69      2.08                  UIL
6104.19 -0.94  0.94   1.12e-04  19.24      1.40       [K IV] 6101.79
6225.37 -0.31  0.31   4.44e-04  30.71     15.86                  UIL
6252.29 -0.34  0.34   2.11e-04  50.76      7.72        Fe II 6248.91
6265.26 -0.32  0.32   2.79e-04  39.13     11.81                  UIL
6274.25 -0.38  0.38   9.45e-04  47.81      5.20                 UIL+
6304.00 -0.30  0.30   2.38e-02  41.02     27.98        [O I] 6300.30
6315.51 -0.31  0.31   1.41e-02  39.16     16.92      [S III] 6312.06
6350.96 -0.31  0.31   2.96e-04  36.10     19.36        Si II 6347.11
6367.50 -0.30  0.30   8.10e-03  42.41     30.12       [O I] 6363.78 
6375.00 -0.36  0.36   2.30e-04  34.90      6.17       Si II 6371.36 
6437.84 -0.37  0.37   4.72e-04  56.83      5.84                  UIL
6454.88 -0.52  0.52   2.02e-04  24.72      2.91                  UIL
6462.94 -0.31  0.31   4.99e-04  46.00     13.51                  UIL
6471.77 -0.42  0.42   6.43e-04  71.51      4.29                  UIL
6489.97 -0.35  0.35   2.48e-04  50.75      7.15                  UIL
6505.46 -0.31  0.31   5.53e-04  33.47     20.89                  UIL
6522.61 -0.91  0.91   3.94e-04 118.41      1.46        Fe II 6517.03
6533.00 -0.31  0.31   6.18e-04  20.85     20.52                 UIL+
6551.76 -0.31  0.31   3.03e-02  35.66     20.63       [N II] 6548.05
6566.38 -0.30  0.30   3.44e+00  42.62     26.48          H I 6562.79
6587.12 -0.30  0.30   1.05e-01  40.13     33.97       [N II] 6583.45
6618.77 -0.52  0.52   1.03e-04  39.76      2.95                  UIL
6632.57 -0.44  0.44   7.73e-04  51.94      3.89                 UIL+
6640.54 -0.34  0.34   7.32e-04  43.64      8.19                  UIL
6649.43 -0.31  0.31   4.39e-04  40.37     15.99                  UIL
6659.68 -0.32  0.32   3.72e-04  44.94     12.56                  UIL
6671.43 -0.33  0.33   3.30e-04  50.22      9.26     [Ni II]  6666.80
6681.79 -0.31  0.31   3.07e-02  34.01     20.27         He I 6678.15
6703.09 -0.31  0.31   3.42e-04  39.38     13.13                  UIL
6720.24 -0.30  0.30   1.78e-01  39.05     31.61       [S II] 6716.44
6734.63 -0.30  0.30   1.36e-01  39.27     34.80      [S II] 6730.816
6780.62 -0.33  0.33   6.87e-04  34.62      9.30                  UIL
6794.30 -0.74  0.74   2.99e-05  13.48      1.85                 None
6798.96 -0.38  0.38   5.13e-05  37.59      5.23        [K IV] 6795.1
6841.84 -0.58  0.58   1.39e-04   6.30      2.54                 None
6851.44 -0.32  0.32   4.77e-04  46.04     11.38                  UIL
6991.23 -0.30  0.30   7.12e-04  39.26     28.46                  UIL
7006.48 -0.33  0.33   3.89e-04  34.92      8.39          O I 7001.92
7014.02 -0.33  0.33   6.71e-04  47.98      9.65                  UIL
7019.78 -0.33  0.33   2.46e-04  38.02      9.11                  UIL
7029.55 -0.35  0.35   3.79e-04  32.91      7.15                  UIL
7041.84 -0.31  0.31   4.85e-04  36.57     15.26                  UIL
7047.53 -0.31  0.31   4.60e-04  41.12     20.18                  UIL
7060.55 -0.42  0.42   1.01e-03  53.74      4.32                  UIL
7069.11 -0.30  0.30   2.51e-02  36.26     27.17         He I 7065.28
7083.48 -0.35  0.35   2.53e-04  44.48      7.03                  UIL
7096.34 -0.31  0.31   1.19e-03  43.06     14.79                  UIL
7109.42 -0.31  0.31   9.85e-04  36.29     15.10                  UIL
7115.60 -0.34  0.34   7.18e-04  33.23      8.30                  UIL
7139.66 -0.30  0.30   8.82e-02  37.12     34.80     [Ar III] 7135.78
7148.00 -0.40  0.40   7.86e-04  43.88      4.85                  UIL
7158.99 -0.37  0.37   1.18e-04  40.75      5.77      [Fe II] 7155.14
7165.43 -0.36  0.36   1.90e-04  15.70      6.33         He I 7160.13
7174.13 -0.41  0.41   4.25e-04  37.07      4.38       [Ar IV] 7170.5
7182.58 -0.31  0.31   9.00e-04  34.26     19.65                  UIL
7188.79 -0.30  0.30   7.54e-04  41.63     24.42                  UIL
7198.19 -0.31  0.31   3.26e-04   7.13     14.48                  UIL
7203.00 -0.31  0.31   2.85e-04  13.74     13.78                  UIL
7226.21 -0.39  0.39   4.05e-04  37.46      5.16                  UIL
7241.95 -0.43  0.43   8.46e-04  49.15      4.01                 UIL+
7258.11 -0.41  0.41   6.35e-04  50.72      4.39         O I 7254.15+
7267.60 -0.33  0.33   5.15e-04  45.62      9.96      [Ar IV] 7262.7+
7285.24 -0.30  0.30   8.66e-03  37.62     26.16         He I 7281.35
7294.69 -0.70  0.70   1.19e-03 100.28      1.97                  UIL
7309.76 -0.44  0.44   9.64e-04  60.72      3.86                  UIL
7323.96 -0.30  0.30   3.46e-02  38.82     23.57      [O II] 7319.99+
7334.31 -0.31  0.31   2.08e-02  33.59     13.55      [O II] 7330.73+
7381.32 -0.31  0.31   1.99e-04  39.18     15.55      [Ni II] 7377.83
7429.32 -0.33  0.33   2.25e-04  12.39      8.81                  UIL
7446.86 -0.30  0.30   1.36e-04  10.45     24.42          N I 7442.30
7456.92 -0.63  0.63   4.52e-05  21.77      2.25     [Fe II] 7452.54?
7467.01 -0.30  0.30   1.09e-03  31.80     32.21                  UIL
7472.50 -0.55  0.55   6.65e-04  35.65      2.73         N I 7468.31+
7492.60 -0.30  0.30   7.78e-04  35.38     30.75                  UIL
7503.93 -0.31  0.31   5.55e-04  39.34     15.87         He I 7499.85
7517.47 -0.33  0.33   3.67e-04  38.33      9.12      Fe II 7513.1762
7530.55 -0.30  0.30   8.74e-04  21.87    301.61                 UIL+
7534.66 -0.30  0.30   3.19e-04  30.81     30.65       [Cl IV] 7530.8
7633.08 -0.32  0.32   3.05e-03  11.83     12.30                  UIL
7641.96 -0.32  0.32   2.70e-03  27.32     10.38                  UIL
7667.47 -0.32  0.32   1.87e-03  33.57     10.03                  UIL
7711.19 -0.41  0.41   2.11e-03  30.64      4.50                 UIL+
7725.40 -0.65  0.65   3.00e-04  39.51      2.15                 UIL+
7728.94 -0.30  0.30   1.97e-04  31.78     44.16                  UIL
7744.14 -0.49  0.49   1.27e-03  62.76      3.20                  UIL
7755.34 -0.30  0.30   2.12e-02  32.93     23.57     [Ar III] 7751.10
7773.07 -0.31  0.31   1.50e-03  21.88     14.28                  UIL
7786.40 -0.35  0.35   1.24e-03  41.01      6.77                  UIL
7794.66 -0.43  0.43   1.31e-03  51.67      4.07                 UIL+
7808.94 -0.91  0.91   2.24e-03  81.42      1.45                 UIL+
7821.76 -0.36  0.36   2.14e-03   3.36      6.52        He I 7816.13+
7842.06 -0.31  0.31   2.61e-03  37.62     18.04                 UIL+
7852.08 -0.51  0.51   2.08e-03  29.50      3.02                 UIL+
7866.94 -0.71  0.71   6.84e-04  32.75      1.93                 UIL+
7877.96 -1.19  1.19   2.53e-04  11.36      1.08      [P II] 7875.99+
7894.87 -0.31  0.31   1.34e-03  36.08     19.70                  UIL
7920.42 -0.43  0.43   7.01e-04  33.72      4.10                 UIL+
7963.90 -0.49  0.49   2.57e-03  28.23      3.27                 UIL+
8000.85 -1.16  1.16   3.25e-04  80.98      1.12     [Fe II] 7997.03+
8013.24 -0.39  0.39   1.64e-03  27.00      4.98                 UIL+
8042.80 -0.33  0.33   8.74e-04  34.97      8.56                  UIL
8050.82 -0.39  0.39   2.51e-03  34.63      5.06     [Cl IV] 8045.62+
8073.45 -0.31  0.31   2.83e-04  33.75     19.78                  UIL
8087.53 -0.30  0.30   7.95e-04  34.15     26.38                  UIL
8131.75 -0.42  0.42   2.21e-04   8.34      4.28        Ca I] 8125.31
8155.33 -0.30  0.30   2.90e-03  32.41     27.61                  UIL
8192.01 -0.47  0.47   2.03e-04  23.19      3.42         N I 8188.012
8196.27 -0.32  0.32   9.11e-04  42.12     10.90                  UIL
8204.84 -0.38  0.38   1.91e-04  42.03      5.50 N I 8200.357        
8211.44 -0.31  0.31   3.82e-04  32.29     17.69                  UIL
8214.69 -0.35  0.35   6.40e-04  48.60      7.04         N I 8210.715
8221.90 -0.39  0.39   7.56e-04  45.78      4.96         N I 8216.34+
8228.42 -0.55  0.55   2.59e-04  32.19      2.72         N I 8223.14+
8233.76 -0.43  0.43   2.12e-04  25.41      4.03         O I 8230.00+
8247.57 -0.35  0.35   4.24e-04  28.54      7.28          N I 8242.39
8271.19 -0.32  0.32   2.33e-03  38.85     11.19                  UIL
8277.23 -0.30  0.30   2.24e-03  30.60     35.14                  UIL
8288.06 -0.35  0.35   1.73e-03  19.33      7.14                 UIL+
8291.72 -0.37  0.37   1.64e-03  28.88      5.59                  UIL
8296.86 -0.33  0.33   1.17e-03   7.48      9.33          H I 8292.31
8303.90 -0.32  0.32   2.95e-03  40.29     10.26                 UIL+
8309.88 -0.42  0.42   2.28e-03  33.29      4.19                 UIL+
8310.37 -0.32  0.32   1.74e-03  19.23     12.69         H I 8306.11+
8318.83 -0.30  0.30   1.84e-03  33.52     30.69          H I 8314.26
8327.83 -0.32  0.32   1.95e-03  32.84     11.37          H I 8323.42
8333.75 -0.32  0.32   9.35e-04  32.14     10.54                  UIL
8338.71 -0.34  0.34   7.00e-03  42.75      8.30                 UIL+
8349.93 -0.31  0.31   2.32e-03  39.33     13.76          H I 8345.55
8363.96 -0.31  0.31   2.59e-03  34.39     15.35         H I 8359.00+
8379.08 -0.31  0.31   2.60e-03  31.97     17.77          H I 8374.48
8391.93 -0.30  0.30   1.06e-03  11.22    171.55                  UIL
8396.84 -0.40  0.40   2.10e-03  11.90      4.74         H I 8392.40+
8405.36 -0.36  0.36   2.16e-04  28.96      6.05                  UIL
8418.02 -0.31  0.31   2.87e-03  29.34     16.75         H I 8413.32+
8442.57 -0.30  0.30   4.60e-03  34.27     24.93          H I 8437.96
8451.44 -0.30  0.30   4.83e-03  32.60     25.00          O I 8446.48
8464.08 -0.35  0.35   6.38e-03  33.19      7.19                 UIL+
8471.93 -0.31  0.31   5.09e-03  32.53     13.51          H I 8467.26
8480.05 -0.32  0.32   1.57e-03  36.42     10.91                  UIL
8502.53 -0.32  0.32   1.32e-03  34.23     11.19                  UIL
8507.20 -0.31  0.31   5.00e-03  33.58     18.36          H I 8502.49
8521.46 -0.48  0.48   1.89e-04  41.06      3.36         He I 8518.04
8527.40 -0.30  0.30   1.49e-03  33.62     23.75                  UIL
8534.09 -0.38  0.38   5.88e-04  42.57      5.47         He I 8528.95
8549.90 -0.31  0.31   7.33e-03  35.13     21.11         H I 8545.38+
8554.94 -0.31  0.31   2.88e-03  31.44     14.14                  UIL
8565.20 -0.31  0.31   1.66e-03  32.73     21.44                  UIL
8583.49 -0.30  0.30   1.23e-03  30.17     36.38     [Cl II] 8578.69+
8587.91 -0.35  0.35   2.77e-04  13.15      7.13        He I 8582.61+
8603.13 -0.33  0.33   7.33e-03  29.09      9.50          H I 8598.39
8615.82 -0.31  0.31   1.07e-03  33.61     15.25                  UIL
8622.70 -0.40  0.40   4.26e-04  57.81      4.66      [Fe II] 8616.95
8625.23 -0.46  0.46   6.92e-04  43.21      3.53                  UIL
8635.60 -0.37  0.37   1.82e-04   3.10      5.96          N I 8629.24
8654.90 -0.35  0.35   2.50e-03  36.07      7.23                 UIL+
8664.45 -0.31  0.31   5.22e-03  28.16     13.98                  UIL
8669.86 -0.30  0.30   1.09e-02  32.11     24.65          H I 8665.02
8679.39 -0.65  0.65   6.68e-04  22.44      2.16                 UIL+
8685.39 -0.74  0.74   9.24e-05   8.82      1.84         N I 8680.282
8690.13 -0.31  0.31   1.33e-03  34.95     13.44                 UIL+
8697.39 -0.39  0.39   6.63e-04  47.87      5.11                 UIL+
8700.03 -0.32  0.32   1.49e-04  35.77     10.06                 UIL+
8707.99 -0.37  0.37   1.96e-04  37.63      5.86         N I 8703.247
8716.31 -0.49  0.49   1.15e-04  44.94      3.27         N I 8711.703
8722.15 -0.64  0.64   2.60e-04  67.04      2.22         N I 8718.837
8731.95 -0.32  0.32   2.65e-03  30.94     11.71        [C I] 8727.13
8738.64 -0.38  0.38   5.92e-04  40.24      5.55         He I 8733.43
8743.44 -0.31  0.31   8.91e-04  33.15     14.73                  UIL
8755.19 -0.31  0.31   1.31e-02  32.82     20.47          H I 8750.47
8781.85 -0.31  0.31   2.83e-04   3.93     18.60        He I 8776.71+
8794.20 -0.31  0.31   2.67e-03  26.96     21.57                  UIL
8814.92 -0.31  0.31   1.10e-03  32.83     16.94                  UIL
8845.43 -0.92  0.92   1.44e-04  17.26      1.43                  UIL
8855.71 -0.31  0.31   3.17e-03  31.03     14.59                  UIL
8867.56 -0.30  0.30   1.99e-02  32.16     24.23          H I 8862.79
8893.56 -0.34  0.34   1.23e-03  30.08      7.91                  UIL
8898.76 -0.39  0.39   2.81e-03  26.83      5.08                  UIL
8951.06 -0.38  0.38   2.12e-03  43.17      5.45                  UIL
9019.88 -0.31  0.31   2.26e-02  32.56     21.13          H I 9014.91
9024.50 -0.46  0.46   3.22e-03  19.12      3.54                  UIL
9034.38 -0.31  0.31   3.99e-03  26.70     14.24                  UIL
9039.87 -0.36  0.36   4.52e-04  34.54      6.22                  UIL
9055.09 -0.33  0.33   1.36e-03  33.84      9.92                  UIL
9062.35 -0.30  0.30   2.79e-03  30.84     30.38                  UIL
9066.88 -0.52  0.52   4.59e-03  52.14      2.95         He I 9063.29
9073.88 -0.30  0.30   1.42e-01  30.69     28.33      [S III] 9068.90
9089.29 -0.37  0.37   8.59e-04   4.03      5.69                  UIL
9104.03 -0.32  0.32   2.89e-03  34.22     11.96                  UIL
9118.80 -0.31  0.31   9.56e-04  31.52     20.75                  UIL
9126.79 -0.38  0.38   6.08e-04  41.32      5.54      [Cl II] 9123.60
9150.47 -0.34  0.34   1.74e-03  32.06      7.71                  UIL
9160.51 -0.38  0.38   9.15e-04  33.84      5.23                  UIL
9168.13 -0.43  0.43   3.34e-04  35.98      4.04                  UIL
9209.48 -0.38  0.38   3.49e-04  26.67      5.30        Ca I] 9204.09
9215.46 -0.33  0.33   6.39e-04  16.00      9.22         He I 9210.28
9222.29 -0.59  0.59   4.21e-04  58.29      2.45        Fe I] 9218.47
9234.10 -0.30  0.30   3.14e-02  28.93     23.07          H I 9229.01
9248.82 -0.55  0.55   2.62e-04  29.31      2.71        Ca I] 9244.31
9269.66 -0.37  0.37   4.04e-04  39.86      5.95                  UIL
9302.67 -0.30  0.30   2.50e-03  27.05     32.74                  UIL
