4610.21 -0.87  0.87   7.46e-05  57.68      1.54    [Fe III] 4607.12+
4643.16 -0.79  0.79   1.80e-04 106.69      1.72        O II 4641.81+
4652.59 -0.34  0.34   9.86e-04  78.70      7.67        O II 4649.13+
4660.85 -0.38  0.38   7.10e-04  67.67      5.35     [Fe III] 4658.10
4704.41 -0.48  0.48   3.67e-04  21.00      3.33     [Fe III] 4701.62
4715.14 -0.66  0.66   4.42e-03  59.38      2.13     [Ar IV] 4711.37+
4742.90 -0.32  0.32   2.70e-03  62.28     11.27      [Ar IV] 4740.17
4757.20 -0.70  0.70   6.82e-05   2.16      1.99     [Fe III] 4754.81
4772.81 -0.52  0.52   1.60e-04  73.34      2.95     [Fe III] 4769.53
4864.00 -0.30  0.30   1.00e+00  56.79     26.54          H I 4861.32
4884.35 -0.55  0.55   1.78e-04  13.67      2.71    [Fe III] 4881.073
4924.66 -0.31  0.31   1.18e-02  59.85     20.09         He I 4921.93
4933.97 -0.34  0.34   5.56e-04  46.70      7.86     [Fe III] 4930.64
4961.66 -0.30  0.30   1.47e+00  50.42     26.94      [O III] 4958.91
4988.70 -0.31  0.31   1.65e-03  57.66     21.40    [Fe III] 4987.20+
5009.61 -0.30  0.30   4.77e+00  54.05     27.54      [O III] 5006.84
5018.51 -0.31  0.31   2.45e-02  58.48     16.23         He I 5015.68
5043.77 -0.54  0.54   5.43e-04  47.33      2.78        Si II 5041.03
5050.57 -0.31  0.31   1.86e-03  50.50     19.54         He I 5047.74
5058.37 -0.54  0.54   2.10e-04  53.10      2.75        Si II 5055.98
5151.89 -0.39  0.39   1.31e-04  13.97      5.07          O I 5146.61
5194.57 -0.42  0.42   7.84e-04  49.10      4.29    [Ar  III] 5191.82
5273.32 -0.34  0.34   5.42e-04  57.99      8.14    [Fe III] 5270.40+
5378.80 -0.51  0.51   8.15e-05  33.88      3.06     [Fe II] 5376.452
5520.79 -0.31  0.31   4.26e-03  51.03     15.86     [Cl III] 5517.71
5540.92 -0.30  0.30   3.20e-03  50.76     22.94    [Cl III]] 5537.88
5742.88 -0.35  0.35   1.89e-04  61.24      6.92       Si III 5739.73
5750.67 -0.32  0.32   1.06e-04  11.89     12.93                 None
5758.16 -0.36  0.36   6.34e-04  38.98      6.33       [N II] 5755.08
5805.76 -1.12  1.12   3.63e-05   4.95      1.16                 None
5870.14 -0.80  0.80   3.40e-03 102.77      1.68        Ni II 5867.99
5878.98 -0.30  0.30   1.32e-01  46.81     26.66         He I 5875.62
5982.36 -0.38  0.38   1.35e-04  54.98      5.43        Si II 5978.93
6104.25 -0.58  0.58   6.41e-05  13.32      2.49       [K IV] 6101.79
6253.14 -0.32  0.32   8.12e-05   9.70     10.33        Fe II 6248.91
6315.58 -0.31  0.31   1.90e-02  38.79     13.47      [S III] 6312.06
6351.18 -0.41  0.41   2.05e-04  67.05      4.49        Si II 6347.11
6368.78 -1.13  1.13   1.36e-03 150.22      1.15       Si II 6371.36 
6388.70 -0.52  0.52   1.39e-04  62.63      2.92       Fe II 6383.73+
6471.91 -0.36  0.36   2.77e-04  56.13      6.12                  UIL
6505.29 -0.43  0.43   1.15e-04   2.06      4.00                  UIL
6519.37 -1.22  1.22   1.80e-05   4.70      1.06        Fe II 6517.03
6533.17 -0.46  0.46   1.19e-04  13.26      3.62                 UIL+
6551.99 -0.35  0.35   9.47e-03  35.54      6.77       [N II] 6548.05
6566.48 -0.30  0.30   3.62e+00  41.44     27.79          H I 6562.79
6587.38 -0.30  0.30   3.65e-02  43.21     27.86       [N II] 6583.45
6620.42 -1.19  1.19   1.81e-05   7.03      1.09                  UIL
6681.89 -0.32  0.32   3.44e-02  34.25     11.31         He I 6678.15
6720.52 -0.31  0.31   3.33e-02  31.13     17.40       [S II] 6716.44
6734.98 -0.30  0.30   2.94e-02  42.09     24.05      [S II] 6730.816
6795.67 -1.21  1.21   2.20e-05  10.66      1.07                 None
6796.62 -1.16  1.16   3.93e-05  66.60      1.11        [K IV] 6795.1
6842.55 -0.78  0.78   5.30e-05  26.27      1.74                 None
7022.44 -1.14  1.14   3.23e-05  49.59      1.14                  UIL
7031.22 -0.81  0.81   7.00e-05  30.37      1.67                  UIL
7042.83 -0.42  0.42   1.24e-04  60.50      4.26                  UIL
7048.81 -1.18  1.18   7.69e-05  31.50      1.10                  UIL
7058.41 -0.87  0.87   4.90e-04  95.10      1.53                  UIL
7069.22 -0.30  0.30   2.51e-02  33.66     24.95         He I 7065.28
7083.19 -0.33  0.33   8.42e-05  50.82      9.88                  UIL
7139.77 -0.30  0.30   1.16e-01  38.86     30.18     [Ar III] 7135.78
7151.73 -0.94  0.94   3.75e-04  89.08      1.40                  UIL
7164.84 -0.32  0.32   2.17e-04  44.35     10.35         He I 7160.13
7174.07 -0.55  0.55   8.56e-05  23.49      2.72       [Ar IV] 7170.5
7188.83 -0.33  0.33   2.33e-04  38.91      9.29                  UIL
7202.17 -0.39  0.39   1.12e-04  37.33      5.03                  UIL
7227.97 -1.18  1.18   1.17e-04  42.78      1.10                  UIL
7270.52 -0.80  0.80   4.47e-04  97.59      1.70      [Ar IV] 7262.7+
7285.41 -0.31  0.31   9.41e-03  35.14     19.31         He I 7281.35
7292.53 -0.57  0.57   5.79e-04  50.82      2.55                  UIL
7310.74 -0.47  0.47   5.20e-04  45.13      3.44                  UIL
7324.13 -0.31  0.31   1.57e-02  37.11     18.27      [O II] 7319.99+
7334.48 -0.35  0.35   1.09e-02  35.81      6.75      [O II] 7330.73+
7467.60 -0.54  0.54   1.16e-04  24.72      2.78                  UIL
7504.11 -0.30  0.30   5.16e-04  34.53     25.81         He I 7499.85
7518.06 -0.42  0.42   3.13e-04  42.20      4.22      Fe II 7513.1762
7531.30 -0.51  0.51   2.40e-04  26.94      2.99                 UIL+
7534.82 -0.31  0.31   3.74e-04  36.50     15.37       [Cl IV] 7530.8
7633.42 -0.64  0.64   5.70e-04  19.98      2.22                  UIL
7642.55 -0.51  0.51   6.03e-04  32.69      3.02                  UIL
7667.99 -0.34  0.34   1.56e-04  26.86      8.02                  UIL
7721.33 -1.28  1.28   2.25e-03 124.88      1.01                  UIL
7743.64 -0.63  0.63   1.67e-03  77.93      2.24                  UIL
7755.45 -0.30  0.30   2.41e-02  29.62     25.94     [Ar III] 7751.10
7788.29 -1.08  1.08   1.97e-04  40.40      1.20                  UIL
7821.80 -0.38  0.38   1.80e-03  10.60      5.29        He I 7816.13+
7841.79 -0.41  0.41   5.13e-04   6.88      4.54                 UIL+
8050.81 -0.47  0.47   3.74e-04  40.27      3.52     [Cl IV] 8045.62+
8132.08 -0.62  0.62   1.41e-04  27.38      2.30        Ca I] 8125.31
8191.67 -0.44  0.44   1.17e-04   6.77      3.91         N I 8188.012
8195.28 -0.38  0.38   2.04e-04  27.80      5.22                  UIL
8215.37 -0.95  0.95   1.74e-05  25.00      1.39         N I 8210.715
8290.61 -1.23  1.23   8.26e-04  30.41      1.05                  UIL
8303.62 -0.31  0.31   1.94e-03  36.79     14.70                 UIL+
8310.91 -0.31  0.31   2.15e-03  32.90     18.02         H I 8306.11+
8318.96 -0.31  0.31   1.99e-03  34.25     21.64          H I 8314.26
8328.09 -0.32  0.32   1.93e-03  31.74     10.29          H I 8323.42
8338.32 -0.43  0.43   5.07e-03  50.72      4.08                 UIL+
8349.73 -0.30  0.30   1.76e-03  24.62    126.26          H I 8345.55
8364.23 -0.35  0.35   2.32e-03  37.01      7.11         H I 8359.00+
8379.05 -0.31  0.31   2.85e-03  32.63     17.69          H I 8374.48
8417.89 -0.32  0.32   3.70e-03  37.55     10.79         H I 8413.32+
8442.70 -0.30  0.30   4.76e-03  33.19     25.00          H I 8437.96
8471.99 -0.31  0.31   5.28e-03  31.76     17.38          H I 8467.26
8482.80 -1.02  1.02   2.86e-04  58.84      1.28                  UIL
8507.15 -0.32  0.32   6.89e-03  37.22     12.20          H I 8502.49
8522.96 -0.33  0.33   2.68e-04  39.83      8.57         He I 8518.04
8533.76 -0.31  0.31   3.44e-04  36.79     14.40         He I 8528.95
8550.15 -0.31  0.31   8.72e-03  34.23     20.91         H I 8545.38+
8584.26 -0.39  0.39   1.57e-04  10.30      5.11     [Cl II] 8578.69+
8587.78 -0.32  0.32   5.32e-04  35.96     12.09        He I 8582.61+
8603.23 -0.35  0.35   8.32e-03  29.20      7.20          H I 8598.39
8621.70 -0.68  0.68   3.64e-05   9.54      2.04      [Fe II] 8616.95
8635.67 -0.42  0.42   1.23e-04   0.66      4.18          N I 8629.24
8654.61 -0.51  0.51   2.75e-04  51.71      3.04                 UIL+
8664.38 -0.56  0.56   5.29e-04  51.24      2.65                  UIL
8669.92 -0.30  0.30   1.28e-02  33.55     26.26          H I 8665.02
8700.90 -0.34  0.34   5.59e-05  26.37      7.60                 UIL+
8708.77 -0.61  0.61   6.50e-05  26.59      2.37         N I 8703.247
8733.45 -0.54  0.54   6.32e-05   2.11      2.80        [C I] 8727.13
8738.66 -0.31  0.31   4.12e-04  35.25     16.21         He I 8733.43
8755.35 -0.30  0.30   1.39e-02  29.97     26.25          H I 8750.47
8781.83 -0.33  0.33   3.08e-04  13.14      9.36        He I 8776.71+
8867.83 -0.30  0.30   1.82e-02  28.61     25.86          H I 8862.79
8897.28 -0.60  0.60   1.20e-03  50.28      2.40                  UIL
8898.60 -1.11  1.11   2.85e-04  82.93      1.17                  UIL
9020.03 -0.31  0.31   2.69e-02  33.78     16.75          H I 9014.91
9038.59 -0.58  0.58   1.37e-04   2.23      2.55                  UIL
9051.70 -1.01  1.01   7.74e-04  36.35      1.30                 UIL+
9066.59 -0.60  0.60   4.69e-03  60.76      2.38         He I 9063.29
9073.97 -0.30  0.30   1.87e-01  29.85     24.99      [S III] 9068.90
9089.37 -1.13  1.13   1.33e-04   1.59      1.15                  UIL
9103.60 -0.33  0.33   5.20e-04  33.40      9.12                  UIL
9125.11 -1.01  1.01   2.10e-04  45.73      1.29      [Cl II] 9123.60
9204.81 -0.94  0.94   2.11e-04  95.59      1.40        Ca I] 9204.09
9215.71 -0.37  0.37   6.46e-04  22.83      5.61         He I 9210.28
9234.19 -0.31  0.31   2.73e-02  26.99     21.48          H I 9229.01
9300.90 -0.67  0.67   1.21e-03  47.22      2.07                  UIL
