4651.74 -0.53  0.53   6.52e-04  79.11      2.88        O II 4649.13+
4660.71 -0.30  0.30   1.56e-03  62.06     26.37     [Fe III] 4658.10
4704.74 -0.48  0.48   6.11e-04  57.55      3.30     [Fe III] 4701.62
4715.32 -0.81  0.81   2.97e-03  51.89      1.66     [Ar IV] 4711.37+
4742.68 -0.31  0.31   1.53e-03  49.42     21.95      [Ar IV] 4740.17
4757.70 -0.33  0.33   5.27e-04  44.18      9.20     [Fe III] 4754.81
4816.80 -0.39  0.39   4.81e-04  33.19      5.16     [Fe II] 4814.534
4863.96 -0.30  0.30   1.00e+00  57.61     27.60          H I 4861.32
4883.68 -0.35  0.35   8.67e-04  69.94      7.17    [Fe III] 4881.073
4924.63 -0.30  0.30   9.84e-03  55.56     28.53         He I 4921.93
4934.46 -0.37  0.37   4.07e-04  53.91      5.62     [Fe III] 4930.64
4961.64 -0.30  0.30   1.10e+00  50.51     31.49      [O III] 4958.91
4988.54 -0.31  0.31   3.07e-03  59.83     22.61    [Fe III] 4987.20+
5009.58 -0.30  0.30   3.45e+00  52.06     37.66      [O III] 5006.84
5018.47 -0.31  0.31   2.27e-02  57.01     18.55         He I 5015.68
5043.82 -0.49  0.49   8.65e-04  69.35      3.19        Si II 5041.03
5050.41 -0.32  0.32   1.57e-03  46.62     12.34         He I 5047.74
5056.88 -0.95  0.95   8.07e-05   0.27      1.39        Si II 5055.98
5194.34 -0.34  0.34   7.48e-04  17.20      7.58    [Ar  III] 5191.82
5202.71 -0.44  0.44   7.51e-04  84.42      3.96      [N I]  5199.00+
5222.90 -0.62  0.62   1.51e-04  10.48      2.32       Si II 5219.31 
5263.69 -0.40  0.40   1.66e-04  44.40      4.64      [Fe II] 5261.61
5273.41 -0.31  0.31   1.11e-03  48.44     15.83    [Fe III] 5270.40+
5319.88 -0.66  0.66   6.16e-05  56.62      2.15                 None
5335.77 -0.69  0.69   2.05e-04  85.44      2.00     [Fe II] 5333.646
5379.72 -0.64  0.64   3.03e-04  74.14      2.20     [Fe II] 5376.452
5436.80 -0.68  0.68   1.15e-04  56.60      2.06         O II 5433.49
5520.79 -0.30  0.30   3.87e-03  48.99     25.09     [Cl III] 5517.71
5540.97 -0.30  0.30   2.91e-03  49.21     31.41    [Cl III]] 5537.88
5741.79 -0.40  0.40   1.77e-04  70.92      4.60       Si III 5739.73
5750.12 -0.39  0.39   3.45e-04  66.31      5.02                 None
5757.93 -0.31  0.31   2.63e-03  45.30     15.14       [N II] 5755.08
5806.01 -0.64  0.64   4.27e-05  11.94      2.20                 None
5870.34 -0.77  0.77   4.57e-03 107.93      1.75        Ni II 5867.99
5878.97 -0.30  0.30   1.30e-01  46.78     28.95         He I 5875.62
5961.04 -0.35  0.35   1.85e-04  34.26      6.91        Si II 5957.56
5982.33 -0.31  0.31   3.63e-04  47.60     17.74        Si II 5978.93
6048.79 -0.73  0.73   1.90e-04  63.90      1.87          O I 6046.23
6104.37 -0.56  0.56   1.15e-04   8.74      2.67       [K IV] 6101.79
6249.34 -0.97  0.97   1.25e-04  87.24      1.36        Fe II 6248.91
6264.89 -0.39  0.39   1.31e-04  29.20      4.99                  UIL
6274.74 -0.63  0.63   4.54e-04  50.44      2.24                 UIL+
6303.98 -0.30  0.30   2.66e-02  41.89     28.24        [O I] 6300.30
6315.60 -0.31  0.31   1.89e-02  36.14     14.16      [S III] 6312.06
6351.08 -0.31  0.31   3.25e-04  50.77     17.18        Si II 6347.11
6367.47 -0.30  0.30   9.33e-03  43.61     28.68       [O I] 6363.78 
6375.24 -0.35  0.35   8.55e-04  48.92      6.99       Si II 6371.36 
6438.23 -1.11  1.11   6.29e-05  79.85      1.17                  UIL
6459.14 -0.36  0.36   1.12e-04  21.82      6.44      Fe II 6455.8427
6471.22 -0.50  0.50   2.10e-04  78.83      3.16                  UIL
6505.05 -0.30  0.30   1.92e-04  24.69   1576.80                  UIL
6521.09 -0.61  0.61   1.66e-04  77.32      2.37        Fe II 6517.03
6532.76 -0.40  0.40   2.65e-04  23.93      4.78                 UIL+
6551.79 -0.31  0.31   3.71e-02  34.84     19.08       [N II] 6548.05
6566.47 -0.30  0.30   3.63e+00  41.41     30.17          H I 6562.79
6587.17 -0.30  0.30   1.35e-01  41.86     27.23       [N II] 6583.45
6618.80 -1.19  1.19   6.70e-05   4.26      1.08                  UIL
6633.08 -0.71  0.71   2.72e-04  36.30      1.96                 UIL+
6640.85 -0.46  0.46   1.93e-04  32.35      3.61                  UIL
6649.27 -0.43  0.43   1.04e-04   6.51      4.11                  UIL
6659.65 -0.34  0.34   2.03e-04  52.05      7.80                  UIL
6671.56 -0.39  0.39   1.82e-04  31.73      4.91     [Ni II]  6666.80
6681.89 -0.32  0.32   3.32e-02  32.34     12.09         He I 6678.15
6702.11 -1.19  1.19   3.27e-05   3.03      1.08                  UIL
6720.26 -0.30  0.30   2.31e-01  38.84     33.25       [S II] 6716.44
6734.65 -0.30  0.30   1.73e-01  40.73     26.22      [S II] 6730.816
6780.65 -0.32  0.32   2.18e-04  33.22     10.66                  UIL
6841.83 -0.64  0.64   9.20e-05  14.02      2.20                 None
6852.28 -0.67  0.67   8.58e-05  85.22      2.09                  UIL
6991.72 -0.37  0.37   2.02e-04  10.04      5.85                  UIL
7006.89 -0.41  0.41   1.34e-04   7.12      4.44          O I 7001.92
7013.06 -0.49  0.49   2.07e-04  61.08      3.20                  UIL
7020.21 -0.39  0.39   2.76e-04  65.55      4.87                  UIL
7029.41 -0.49  0.49   1.40e-04  13.77      3.28                  UIL
7042.19 -0.36  0.36   2.73e-04  52.08      6.30                  UIL
7047.55 -0.35  0.35   1.58e-04  54.74      6.71                  UIL
7059.29 -0.72  0.72   5.15e-04  85.33      1.91                  UIL
7069.23 -0.30  0.30   2.52e-02  32.21     29.77         He I 7065.28
7082.99 -0.35  0.35   1.59e-04  35.39      6.79                  UIL
7096.65 -0.36  0.36   2.84e-04  50.06      6.06                  UIL
7109.66 -0.35  0.35   2.52e-04  41.02      7.07                  UIL
7115.88 -0.33  0.33   2.36e-04  38.25      8.91                  UIL
7139.78 -0.30  0.30   1.11e-01  38.54     32.77     [Ar III] 7135.78
7148.78 -0.43  0.43   3.75e-04  60.72      4.13                  UIL
7165.11 -0.37  0.37   2.02e-04  32.25      5.68         He I 7160.13
7173.95 -0.67  0.67   1.45e-04  28.01      2.10       [Ar IV] 7170.5
7183.02 -0.38  0.38   2.26e-04  19.58      5.47                  UIL
7188.72 -0.32  0.32   3.65e-04  40.61     12.31                  UIL
7198.23 -0.94  0.94   8.57e-05   0.95      1.40                  UIL
7202.65 -0.32  0.32   1.55e-04  25.92     11.34                  UIL
7227.41 -0.85  0.85   1.50e-04  37.75      1.57                  UIL
7258.90 -0.33  0.33   2.86e-04  28.36      8.78         O I 7254.15+
7267.68 -0.40  0.40   3.69e-04  37.53      4.85      [Ar IV] 7262.7+
7285.37 -0.30  0.30   8.50e-03  34.88     22.93         He I 7281.35
7294.97 -0.74  0.74   1.21e-03  98.51      1.84                  UIL
7310.25 -0.41  0.41   7.67e-04  53.51      4.36                  UIL
7324.02 -0.30  0.30   4.54e-02  37.88     24.40      [O II] 7319.99+
7334.37 -0.33  0.33   2.90e-02  34.39      9.89      [O II] 7330.73+
7381.58 -0.44  0.44   2.87e-05  16.22      3.90      [Ni II] 7377.83
7429.28 -0.74  0.74   1.08e-04   2.98      1.86                  UIL
7445.79 -0.48  0.48   7.32e-05  74.53      3.34          N I 7442.30
7466.93 -0.31  0.31   3.46e-04  18.77     17.57                  UIL
7472.07 -1.20  1.20   2.39e-04  21.64      1.08         N I 7468.31+
7493.13 -0.35  0.35   2.01e-04   9.43      7.21                  UIL
7504.05 -0.31  0.31   5.03e-04  29.80     22.72         He I 7499.85
7517.88 -0.34  0.34   2.93e-04  34.33      7.58      Fe II 7513.1762
7530.50 -0.39  0.39   3.98e-04  12.47      5.02                 UIL+
7534.60 -0.32  0.32   1.42e-04  22.34     11.32       [Cl IV] 7530.8
7633.11 -0.38  0.38   1.36e-03  12.83      5.35                  UIL
7642.06 -0.37  0.37   1.21e-03  29.73      5.77                  UIL
7667.70 -0.36  0.36   6.61e-04  27.52      6.51                  UIL
7710.73 -0.66  0.66   1.08e-03  10.76      2.11                 UIL+
7743.90 -0.55  0.55   1.32e-03  70.45      2.74                  UIL
7755.47 -0.30  0.30   2.39e-02  28.65     23.52     [Ar III] 7751.10
7773.12 -0.52  0.52   3.35e-04   7.54      2.95                  UIL
7787.04 -0.44  0.44   4.77e-04  45.58      3.87                  UIL
7821.36 -0.32  0.32   2.30e-03  22.73     11.80        He I 7816.13+
7841.72 -0.35  0.35   7.17e-04   9.37      6.79                 UIL+
7851.68 -1.01  1.01   1.10e-03  37.40      1.29                 UIL+
7866.83 -1.27  1.27   4.21e-04  23.70      1.01                 UIL+
7895.08 -0.37  0.37   4.06e-04  36.20      5.83                  UIL
8003.40 -1.11  1.11   9.32e-05  30.93      1.17     [Fe II] 7997.03+
8012.81 -0.94  0.94   5.33e-04  27.08      1.41                 UIL+
8051.08 -0.49  0.49   7.28e-04  30.41      3.21     [Cl IV] 8045.62+
8075.25 -0.57  0.57   4.56e-05   1.35      2.60                  UIL
8088.04 -0.31  0.31   2.24e-04  30.53     19.72                  UIL
8132.38 -0.91  0.91   1.71e-04  31.53      1.46        Ca I] 8125.31
8155.66 -0.33  0.33   5.18e-04  10.74      9.83                  UIL
8192.28 -0.33  0.33   2.53e-04  33.88      9.71         N I 8188.012
8194.56 -0.72  0.72   2.78e-04  30.91      1.90                  UIL
8211.78 -0.81  0.81   6.53e-05   9.93      1.67                  UIL
8214.60 -0.42  0.42   3.87e-04  62.63      4.29         N I 8210.715
8222.59 -0.58  0.58   2.13e-04  68.67      2.53         N I 8216.34+
8234.34 -0.61  0.61   9.23e-05   7.23      2.33         O I 8230.00+
8247.79 -0.42  0.42   1.95e-04   0.45      4.21          N I 8242.39
8271.97 -0.39  0.39   5.39e-04  31.31      5.13                  UIL
8277.23 -0.35  0.35   6.26e-04  18.85      6.93                  UIL
8291.71 -0.34  0.34   1.17e-03  21.79      8.21                  UIL
8296.75 -0.31  0.31   1.64e-03  28.66     15.73          H I 8292.31
8303.76 -0.33  0.33   2.56e-03  39.97      8.76                 UIL+
8310.57 -0.30  0.30   2.07e-03  13.71    323.33         H I 8306.11+
8318.93 -0.30  0.30   2.03e-03  32.37     27.63          H I 8314.26
8328.08 -0.32  0.32   1.92e-03  29.98     12.81          H I 8323.42
8333.95 -0.89  0.89   1.62e-04  29.82      1.49                  UIL
8338.46 -0.37  0.37   5.29e-03  45.84      5.62                 UIL+
8349.92 -0.31  0.31   2.76e-03  34.87     21.41          H I 8345.55
8364.04 -0.31  0.31   2.74e-03  31.74     16.35         H I 8359.00+
8379.15 -0.31  0.31   2.98e-03  31.61     16.60          H I 8374.48
8397.36 -0.59  0.59   1.77e-03  36.90      2.48         H I 8392.40+
8404.27 -0.84  0.84   7.39e-05   5.58      1.60                  UIL
8418.16 -0.31  0.31   3.06e-03  24.74     17.25         H I 8413.32+
8442.69 -0.30  0.30   4.96e-03  32.24     27.37          H I 8437.96
8451.69 -0.30  0.30   2.88e-03  28.58     25.76          O I 8446.48
8464.16 -0.46  0.46   3.09e-03  37.85      3.55                 UIL+
8472.01 -0.31  0.31   5.68e-03  31.22     21.41          H I 8467.26
8480.76 -0.48  0.48   6.62e-04  51.82      3.39                  UIL
8507.28 -0.31  0.31   5.96e-03  33.35     21.04          H I 8502.49
8521.79 -0.40  0.40   1.58e-04  51.95      4.77         He I 8518.04
8527.48 -0.31  0.31   3.23e-04  35.42     16.64                  UIL
8533.76 -0.31  0.31   4.11e-04  37.09     21.36         He I 8528.95
8550.10 -0.30  0.30   8.39e-03  34.29     23.73         H I 8545.38+
8555.49 -0.62  0.62   3.83e-04  12.70      2.32                  UIL
8565.56 -0.33  0.33   3.60e-04  28.77      9.42                  UIL
8583.58 -0.30  0.30   1.41e-03  31.31     32.16     [Cl II] 8578.69+
8587.95 -0.36  0.36   3.24e-04  11.58      6.05        He I 8582.61+
8603.22 -0.34  0.34   8.40e-03  27.73      7.77          H I 8598.39
8615.68 -0.33  0.33   2.01e-04  30.83      9.22                  UIL
8621.97 -0.32  0.32   2.78e-04  33.26     10.12      [Fe II] 8616.95
8635.63 -0.60  0.60   1.29e-04   2.44      2.38          N I 8629.24
8654.74 -0.37  0.37   1.13e-03  36.78      5.90                 UIL+
8664.58 -0.33  0.33   2.44e-03  33.53      8.65                  UIL
8669.92 -0.30  0.30   1.34e-02  32.85     28.57          H I 8665.02
8690.93 -0.53  0.53   1.58e-04  31.22      2.84                 UIL+
8697.36 -0.31  0.31   2.41e-04  35.15     14.68                 UIL+
8700.48 -0.36  0.36   4.16e-05  14.58      6.39                 UIL+
8707.37 -0.38  0.38   1.08e-04  19.47      5.50         N I 8703.247
8732.02 -0.38  0.38   4.17e-04  42.43      5.23        [C I] 8727.13
8738.69 -0.32  0.32   5.08e-04  37.77     11.15         He I 8733.43
8744.29 -0.35  0.35   1.04e-04   4.07      6.81                  UIL
8755.39 -0.30  0.30   1.39e-02  28.83     25.69          H I 8750.47
8782.20 -0.30  0.30   2.04e-04   9.60     53.30        He I 8776.71+
8794.80 -0.46  0.46   3.39e-04  16.80      3.53                  UIL
8814.96 -0.43  0.43   1.29e-04  20.41      4.07                  UIL
8855.88 -0.32  0.32   6.85e-04  32.82     12.41                  UIL
8860.50 -1.25  1.25   1.48e-03   4.85      1.03                  UIL
8867.75 -0.30  0.30   2.08e-02  29.53     30.69          H I 8862.79
8952.18 -0.47  0.47   1.00e-03  35.31      3.44                  UIL
9020.03 -0.31  0.31   2.74e-02  33.24     17.89          H I 9014.91
9034.32 -0.57  0.57   5.88e-04  11.77      2.56                  UIL
9055.47 -0.40  0.40   1.77e-04  14.60      4.73                  UIL
9062.97 -0.49  0.49   2.42e-04   6.41      3.20                  UIL
9066.77 -0.60  0.60   6.92e-03  59.44      2.43         He I 9063.29
9074.00 -0.30  0.30   1.91e-01  28.78     31.70      [S III] 9068.90
9090.46 -1.11  1.11   3.99e-04  37.31      1.16                  UIL
9103.31 -0.33  0.33   1.43e-03  38.43      9.25                  UIL
9126.48 -0.46  0.46   4.81e-04  53.80      3.53      [Cl II] 9123.60
9149.41 -0.57  0.57   4.26e-04  65.20      2.56                  UIL
9160.64 -0.40  0.40   2.62e-04   4.18      4.76                  UIL
9206.10 -0.74  0.74   2.28e-04  92.50      1.86        Ca I] 9204.09
9215.67 -0.37  0.37   7.59e-04  20.01      5.93         He I 9210.28
9224.29 -0.31  0.31   3.37e-04  19.36     14.68        Fe I] 9218.47
9234.20 -0.30  0.30   2.97e-02  25.89     24.35          H I 9229.01
9270.75 -0.40  0.40   9.45e-05  23.42      4.80                  UIL
