4608.71 -0.31  0.31   1.10e-03  76.24     17.69    [Fe III] 4607.12+
4641.76 -0.60  0.60   6.18e-04  16.20      2.38        O II 4641.81+
4652.35 -0.32  0.32   1.57e-03  62.36     12.52        O II 4649.13+
4688.10 -0.31  0.31   2.31e-03  43.01     22.43       He II  4685.68
4714.13 -0.32  0.32   1.62e-02  63.93     10.46     [Ar IV] 4711.37+
4742.76 -0.31  0.31   1.46e-02  61.79     19.89      [Ar IV] 4740.17
4863.97 -0.30  0.30   1.00e+00  55.96     27.49          H I 4861.32
4924.65 -0.30  0.30   1.03e-02  56.39     25.97         He I 4921.93
4935.07 -0.33  0.33   1.01e-03  64.85      8.45     [Fe III] 4930.64
4961.60 -0.30  0.30   1.81e+00  51.79     27.02      [O III] 4958.91
5009.54 -0.30  0.30   5.53e+00  50.90     41.04      [O III] 5006.84
5018.46 -0.30  0.30   1.69e-02  51.86     30.25         He I 5015.68
5044.84 -0.36  0.36   9.62e-04  77.91      6.52        Si II 5041.03
5050.59 -0.32  0.32   1.61e-03  39.03     11.32         He I 5047.74
5135.26 -1.04  1.04   1.29e-04  12.38      1.26          O I 5131.14
5194.25 -0.44  0.44   7.99e-04  14.44      3.97    [Ar  III] 5191.82
5222.29 -0.56  0.56   5.16e-04  96.38      2.66       Si II 5219.31 
5320.80 -0.97  0.97   1.01e-04  12.30      1.36                 None
5336.06 -0.42  0.42   4.72e-04  92.51      4.27     [Fe II] 5333.646
5380.75 -1.28  1.28   1.16e-04   6.19      1.00     [Fe II] 5376.452
5520.70 -0.30  0.30   2.86e-03  44.70     38.45     [Cl III] 5517.71
5540.88 -0.30  0.30   1.98e-03  44.35     27.45    [Cl III]] 5537.88
5742.81 -0.31  0.31   6.65e-04  50.37     16.86       Si III 5739.73
5750.78 -0.31  0.31   3.20e-04  47.01     13.69                 None
5758.60 -0.66  0.66   2.93e-04  45.05      2.14       [N II] 5755.08
5805.12 -0.55  0.55   8.28e-05  38.34      2.70                 None
5870.79 -0.69  0.69   4.50e-03 104.18      2.02        Ni II 5867.99
5878.92 -0.30  0.30   1.15e-01  47.01     25.94         He I 5875.62
5961.73 -0.97  0.97   4.29e-05   8.91      1.35        Si II 5957.56
5981.95 -0.54  0.54   1.08e-04   7.14      2.80        Si II 5978.93
6041.21 -0.62  0.62   9.27e-05  44.23      2.29                  UIL
6104.97 -0.31  0.31   1.03e-03  48.13     14.18       [K IV] 6101.79
6265.61 -0.64  0.64   6.17e-05  10.38      2.21                  UIL
6275.13 -0.94  0.94   2.40e-04  41.84      1.41                 UIL+
6315.56 -0.31  0.31   8.28e-03  32.31     18.25      [S III] 6312.06
6351.72 -1.15  1.15   8.19e-05  15.04      1.12        Si II 6347.11
6388.36 -0.53  0.53   2.36e-04  71.84      2.85       Fe II 6383.73+
6471.80 -0.36  0.36   3.59e-04  50.98      6.02                  UIL
6505.30 -0.33  0.33   2.07e-04  43.99      9.58                  UIL
6533.06 -0.40  0.40   2.72e-04  14.88      4.75                 UIL+
6566.44 -0.30  0.30   3.01e+00  41.80     26.23          H I 6562.79
6588.15 -0.34  0.34   1.84e-02  31.77      7.78       [N II] 6583.45
6638.98 -0.42  0.42   1.30e-04  60.10      4.29                  UIL
6681.86 -0.31  0.31   2.76e-02  31.39     13.55         He I 6678.15
6798.49 -0.32  0.32   2.22e-04  45.14     10.79        [K IV] 6795.1
7011.73 -0.82  0.82   1.41e-04  10.87      1.64                  UIL
7020.46 -0.34  0.34   1.77e-04  56.49      7.39                  UIL
7042.47 -0.46  0.46   1.16e-04  70.97      3.64                  UIL
7062.64 -1.26  1.26   7.83e-05   2.04      1.02                  UIL
7069.20 -0.31  0.31   2.09e-02  33.96     21.82         He I 7065.28
7082.95 -0.40  0.40   8.38e-05  16.51      4.60                  UIL
7139.76 -0.30  0.30   7.27e-02  37.77     34.07     [Ar III] 7135.78
7165.02 -0.33  0.33   1.34e-04  37.69      8.80         He I 7160.13
7174.35 -0.31  0.31   7.08e-04  19.73     14.89       [Ar IV] 7170.5
7189.17 -0.33  0.33   2.25e-04  20.84      8.56                  UIL
7203.47 -0.44  0.44   1.23e-04  33.62      3.84                  UIL
7228.04 -1.00  1.00   1.38e-04  46.38      1.30                  UIL
7259.25 -0.68  0.68   1.16e-04  13.06      2.05         O I 7254.15+
7267.26 -0.33  0.33   7.43e-04  36.44      8.99      [Ar IV] 7262.7+
7285.35 -0.31  0.31   8.61e-03  35.58     19.99         He I 7281.35
7292.60 -0.51  0.51   5.88e-04  54.96      3.04                  UIL
7309.81 -0.53  0.53   7.47e-04  69.54      2.84                  UIL
7324.59 -0.42  0.42   6.76e-03  28.42      4.35      [O II] 7319.99+
7335.01 -0.78  0.78   4.48e-03  29.88      1.75      [O II] 7330.73+
7467.39 -1.22  1.22   3.68e-05   4.15      1.05                  UIL
7504.08 -0.30  0.30   4.62e-04  30.98     28.85         He I 7499.85
7517.65 -0.45  0.45   4.24e-04  50.41      3.80      Fe II 7513.1762
7530.61 -0.43  0.43   2.05e-04   8.51      4.14                 UIL+
7534.53 -0.31  0.31   1.39e-03  35.72     17.12       [Cl IV] 7530.8
7633.13 -0.65  0.65   6.96e-04   7.64      2.17                  UIL
7641.91 -0.55  0.55   7.02e-04  14.03      2.68                  UIL
7668.09 -0.33  0.33   2.10e-04  31.61      8.40                  UIL
7702.11 -1.23  1.23   4.12e-04   6.21      1.04                 UIL+
7725.82 -0.33  0.33   1.88e-04   8.69      8.40                 UIL+
7743.33 -0.68  0.68   1.60e-03  79.90      2.04                  UIL
7755.43 -0.31  0.31   1.50e-02  28.55     17.98     [Ar III] 7751.10
7788.13 -0.87  0.87   1.66e-04  24.27      1.54                  UIL
7794.30 -0.35  0.35   1.78e-03  12.37      7.18                 UIL+
7821.72 -0.32  0.32   2.14e-03  13.38     10.33        He I 7816.13+
7841.68 -0.47  0.47   3.50e-04  10.07      3.40                 UIL+
7853.10 -0.78  0.78   1.15e-03   0.80      1.74                 UIL+
7921.40 -0.35  0.35   7.56e-04  20.46      6.76                 UIL+
7964.62 -0.39  0.39   2.08e-03  18.31      5.11                 UIL+
8014.34 -0.92  0.92   4.47e-04   2.71      1.44                 UIL+
8050.15 -0.31  0.31   2.70e-03  35.14     20.49     [Cl IV] 8045.62+
8132.10 -0.84  0.84   1.10e-04  25.38      1.60        Ca I] 8125.31
8195.09 -0.66  0.66   1.04e-04  31.84      2.13                  UIL
8214.72 -0.40  0.40   1.10e-04  56.89      4.68         N I 8210.715
8240.79 -0.54  0.54   7.44e-05   5.49      2.79        He II 8236.78
8289.16 -0.32  0.32   6.90e-04   9.47     10.16                 UIL+
8290.60 -1.26  1.26   4.39e-04   3.82      1.02                  UIL
8296.76 -0.64  0.64   4.27e-04  10.08      2.19          H I 8292.31
8303.55 -0.32  0.32   1.55e-03  37.48     12.51                 UIL+
8310.79 -0.31  0.31   1.59e-03  29.16     22.66         H I 8306.11+
8318.96 -0.30  0.30   1.45e-03  33.64     25.93          H I 8314.26
8328.15 -0.32  0.32   1.29e-03  28.37     11.03          H I 8323.42
8338.19 -0.47  0.47   3.73e-03  53.82      3.47                 UIL+
8349.56 -0.31  0.31   1.03e-03  14.34     13.05          H I 8345.55
8364.26 -0.34  0.34   1.81e-03  33.49      8.16         H I 8359.00+
8379.05 -0.31  0.31   1.78e-03  30.38     22.29          H I 8374.48
8417.89 -0.32  0.32   2.56e-03  37.72     11.37         H I 8413.32+
8442.68 -0.30  0.30   3.39e-03  32.63     24.46          H I 8437.96
8472.00 -0.31  0.31   3.76e-03  31.67     20.33          H I 8467.26
8507.13 -0.32  0.32   4.94e-03  36.79     12.27          H I 8502.49
8522.96 -0.33  0.33   2.34e-04  38.65      8.64         He I 8518.04
8533.34 -0.37  0.37   2.05e-04  22.12      5.70         He I 8528.95
8550.10 -0.31  0.31   6.43e-03  35.14     18.00         H I 8545.38+
8587.59 -0.33  0.33   5.68e-04  43.86      8.61        He I 8582.61+
8603.21 -0.34  0.34   5.83e-03  27.64      7.88          H I 8598.39
8635.67 -1.14  1.14   1.49e-04   0.85      1.14          N I 8629.24
8655.70 -0.30  0.30   4.46e-04  17.06     56.42                 UIL+
8664.91 -0.51  0.51   5.60e-04  43.27      3.04                  UIL
8669.90 -0.30  0.30   9.45e-03  33.35     27.04          H I 8665.02
8700.75 -0.48  0.48   8.06e-05  16.27      3.39                 UIL+
8708.40 -0.52  0.52   5.66e-05  32.91      2.97         N I 8703.247
8738.46 -0.32  0.32   4.44e-04  39.26     11.99         He I 8733.43
8755.34 -0.31  0.31   1.06e-02  31.33     20.61          H I 8750.47
8781.89 -0.41  0.41   9.20e-05   2.43      4.44        He I 8776.71+
8867.80 -0.30  0.30   1.48e-02  28.94     26.48          H I 8862.79
9020.00 -0.31  0.31   2.03e-02  33.53     17.93          H I 9014.91
9066.83 -0.58  0.58   4.21e-03  58.27      2.54         He I 9063.29
9074.04 -0.31  0.31   6.25e-02  30.12     20.63      [S III] 9068.90
9103.05 -0.32  0.32   7.01e-04  15.56     11.72                  UIL
9209.72 -0.71  0.71   7.59e-05  18.86      1.94        Ca I] 9204.09
9216.23 -0.66  0.66   5.45e-04  27.89      2.13         He I 9210.28
9234.15 -0.31  0.31   2.26e-02  28.79     17.35          H I 9229.01
9268.41 -0.65  0.65   1.10e-04  58.94      2.19                  UIL
