4609.12 -0.33  0.33   6.87e-04  30.23      9.56    [Fe III] 4607.12+
4645.08 -0.62  0.62   4.44e-04  94.00      2.31        O II 4641.81+
4660.44 -0.33  0.33   7.66e-03  50.81      8.45     [Fe III] 4658.10
4704.02 -0.31  0.31   2.54e-03  59.49     17.85     [Fe III] 4701.62
4715.24 -0.63  0.63   1.00e-03  45.13      2.27     [Ar IV] 4711.37+
4736.01 -0.67  0.67   6.60e-04  55.32      2.10     [Fe III] 4734.00
4742.82 -0.31  0.31   7.02e-04  51.10     15.11      [Ar IV] 4740.17
4757.17 -0.31  0.31   1.75e-03  64.00     14.88     [Fe III] 4754.81
4771.82 -0.36  0.36   9.15e-04  60.30      6.34     [Fe III] 4769.53
4817.00 -0.31  0.31   3.49e-03  55.82     18.48     [Fe II] 4814.534
4863.85 -0.30  0.30   1.00e+00  59.61     24.41          H I 4861.32
4883.51 -0.30  0.30   4.35e-03  59.83     24.41    [Fe III] 4881.073
4925.27 -0.39  0.39   4.17e-03  72.37      5.17         He I 4921.93
4933.43 -0.69  0.69   5.61e-04  49.81      2.02     [Fe III] 4930.64
4961.49 -0.30  0.30   4.56e-01  53.68     33.22      [O III] 4958.91
4989.00 -0.33  0.33   2.33e-03  66.57      8.79    [Fe III] 4987.20+
5009.40 -0.30  0.30   1.20e+00  44.25     79.08      [O III] 5006.84
5018.39 -0.32  0.32   1.06e-02  52.53     12.75         He I 5015.68
5043.57 -0.62  0.62   7.33e-03  47.55      2.29        Si II 5041.03
5050.34 -0.30  0.30   1.73e-03  49.54     28.76         He I 5047.74
5058.62 -0.31  0.31   9.82e-03  59.00     21.49        Si II 5055.98
5134.32 -0.59  0.59   1.67e-04  12.38      2.44          O I 5131.14
5149.29 -0.83  0.83   8.49e-04  17.44      1.61          O I 5146.61
5161.31 -0.31  0.31   5.33e-03  61.99     14.70      [Fe II] 5158.81
5191.72 -0.70  0.70   8.40e-04 117.05      1.96    [Ar  III] 5191.82
5201.02 -0.62  0.62   5.06e-03  52.05      2.31      [N I]  5199.00+
5222.93 -0.33  0.33   7.48e-04  52.13      9.64       Si II 5219.31 
5264.31 -0.31  0.31   4.99e-03  45.93     14.17      [Fe II] 5261.61
5273.46 -0.37  0.37   2.28e-03  51.57      5.65    [Fe III] 5270.40+
5319.60 -0.50  0.50   1.41e-03  33.59      3.10                 None
5336.39 -0.33  0.33   1.89e-03  63.82      9.07     [Fe II] 5333.646
5379.17 -0.33  0.33   1.06e-03  56.69      9.29     [Fe II] 5376.452
5416.02 -1.02  1.02   2.42e-04  42.10      1.28       He II 5411.52+
5435.79 -0.51  0.51   5.30e-04  31.52      3.05         O II 5433.49
5520.66 -0.31  0.31   2.29e-03  46.23     16.58     [Cl III] 5517.71
5540.65 -0.32  0.32   1.85e-03  47.03     10.64    [Cl III]] 5537.88
5580.54 -0.89  0.89   5.61e-04   9.83      1.50        [O I] 5577.34
5749.85 -0.32  0.32   7.61e-04  57.15     10.26                 None
5757.66 -0.31  0.31   4.54e-03  50.85     20.02       [N II] 5755.08
5869.92 -0.85  0.85   1.83e-03  98.26      1.58        Ni II 5867.99
5878.78 -0.30  0.30   7.98e-02  49.02     25.84         He I 5875.62
5961.06 -0.31  0.31   5.52e-03  50.49     21.33        Si II 5957.56
5982.08 -0.30  0.30   7.04e-03  44.54     29.43        Si II 5978.93
6032.88 -0.34  0.34   1.73e-04  63.31      7.78                  UIL
6040.47 -0.40  0.40   2.60e-04  60.24      4.66                  UIL
6049.60 -0.30  0.30   6.46e-03  45.18     26.80          O I 6046.23
6087.34 -0.31  0.31   1.61e-04  46.02     14.28                  UIL
6225.34 -0.33  0.33   2.76e-04  43.36      9.00                  UIL
6251.82 -0.34  0.34   5.34e-04  45.49      7.59        Fe II 6248.91
6266.13 -0.80  0.80   1.47e-04  47.68      1.68                  UIL
6274.61 -0.52  0.52   1.01e-03  50.08      2.98                 UIL+
6303.67 -0.30  0.30   3.86e-02  45.39     27.36        [O I] 6300.30
6315.35 -0.30  0.30   1.59e-02  40.91     27.56      [S III] 6312.06
6321.91 -0.41  0.41   1.11e-03  44.02      4.51        Fe II 6317.99
6350.40 -0.35  0.35   7.65e-03  35.92      6.86        Si II 6347.11
6367.25 -0.31  0.31   1.35e-02  46.06     19.73       [O I] 6363.78 
6374.68 -0.31  0.31   8.72e-03  46.28     15.17       Si II 6371.36 
6387.89 -0.33  0.33   2.98e-04  47.13      8.86       Fe II 6383.73+
6437.00 -0.32  0.32   4.96e-04  44.62     10.27                  UIL
6460.28 -0.32  0.32   9.73e-04  49.88     10.58      Fe II 6455.8427
6460.22 -0.90  0.90   9.45e-04  43.81      1.48                  UIL
6470.76 -0.65  0.65   7.49e-04  62.00      2.19                  UIL
6488.09 -1.16  1.16   1.62e-04   4.41      1.11                  UIL
6495.09 -0.46  0.46   2.34e-04  41.06      3.63       Fe II 6493.04+
6505.60 -0.32  0.32   1.65e-04   9.21     11.72                  UIL
6520.17 -0.37  0.37   1.26e-03  62.36      5.82        Fe II 6517.03
6532.49 -0.71  0.71   1.67e-04  43.42      1.94                 UIL+
6551.49 -0.31  0.31   6.61e-02  43.54     18.88       [N II] 6548.05
6566.29 -0.30  0.30   3.43e+00  44.75     24.53          H I 6562.79
6586.90 -0.30  0.30   1.60e-01  31.73     58.31       [N II] 6583.45
6619.82 -0.32  0.32   6.70e-05  28.78     12.17                  UIL
6631.20 -0.68  0.68   1.44e-03  87.93      2.06                 UIL+
6641.36 -0.58  0.58   1.93e-03  75.85      2.52                  UIL
6649.49 -0.30  0.30   2.49e-04  42.53     26.01                  UIL
6659.62 -0.41  0.41   1.05e-04  24.04      4.48                  UIL
6670.86 -0.37  0.37   2.06e-03  50.08      5.93     [Ni II]  6666.80
6681.69 -0.30  0.30   1.92e-02  35.33     31.99         He I 6678.15
6703.44 -0.39  0.39   1.42e-04  33.49      5.07                  UIL
6720.07 -0.30  0.30   1.66e-01  42.05     27.59       [S II] 6716.44
6734.41 -0.30  0.30   1.37e-01  31.62     59.40      [S II] 6730.816
6780.57 -0.32  0.32   3.10e-04  37.83     10.24                  UIL
6795.10 -0.83  0.83   4.65e-05   7.13      1.61                 None
6841.78 -0.58  0.58   6.19e-05   9.28      2.51                 None
6851.46 -0.34  0.34   2.36e-04  53.59      7.54                  UIL
6991.15 -0.32  0.32   3.70e-04  34.87     11.07                  UIL
7005.88 -0.30  0.30   4.72e-03  38.99     28.53          O I 7001.92
7013.47 -0.34  0.34   5.06e-04  43.27      8.03                  UIL
7019.68 -0.40  0.40   3.42e-04  54.88      4.74                  UIL
7031.55 -0.63  0.63   6.84e-04  69.01      2.25                  UIL
7042.71 -0.41  0.41   3.24e-04  59.22      4.37                  UIL
7047.06 -0.36  0.36   2.53e-04  49.87      6.11                  UIL
7061.18 -0.37  0.37   7.44e-04  50.95      5.66                  UIL
7069.02 -0.30  0.30   1.80e-02  37.83     27.35         He I 7065.28
7082.46 -0.52  0.52   2.38e-04  49.99      2.98                  UIL
7096.37 -0.32  0.32   6.73e-04  43.20     11.79                  UIL
7109.39 -0.33  0.33   2.73e-04  26.47      9.93                  UIL
7115.14 -0.31  0.31   4.07e-04  44.06     19.12                  UIL
7139.61 -0.30  0.30   5.10e-02  36.24     36.04     [Ar III] 7135.78
7147.66 -0.50  0.50   3.73e-04  53.56      3.16                  UIL
7158.88 -0.31  0.31   2.80e-03  41.65     15.29      [Fe II] 7155.14
7174.14 -0.45  0.45   2.92e-04  48.00      3.72       [Ar IV] 7170.5
7182.27 -0.45  0.45   3.25e-04  18.01      3.77                  UIL
7188.61 -0.31  0.31   1.29e-03  44.38     14.62                  UIL
7202.62 -0.32  0.32   5.37e-04  33.80     10.56                  UIL
7227.28 -0.56  0.56   4.54e-04  42.33      2.66                  UIL
7241.82 -1.07  1.07   2.49e-04  23.70      1.22                 UIL+
7258.34 -0.30  0.30   9.37e-03  36.60     28.72         O I 7254.15+
7267.74 -0.34  0.34   7.95e-04  40.52      8.15      [Ar IV] 7262.7+
7285.11 -0.31  0.31   5.99e-03  39.12     20.61         He I 7281.35
7293.30 -0.49  0.49   1.75e-03  68.57      3.26                  UIL
7311.02 -0.42  0.42   5.79e-04  31.37      4.35                  UIL
7323.79 -0.31  0.31   1.21e-01  40.62     21.81      [O II] 7319.99+
7334.11 -0.30  0.30   7.31e-02  35.55     26.08      [O II] 7330.73+
7381.78 -0.30  0.30   3.79e-03  30.16     39.65      [Ni II] 7377.83
7415.60 -0.30  0.30   1.55e-03  28.15     25.15     [Ni II] 7411.61 
7427.80 -0.37  0.37   9.06e-04  31.16      5.82                  UIL
7446.35 -0.31  0.31   2.81e-03  39.93     18.34          N I 7442.30
7456.44 -0.31  0.31   8.71e-04  40.93     16.92     [Fe II] 7452.54?
7466.69 -0.39  0.39   3.13e-04  23.79      4.99                  UIL
7472.35 -0.31  0.31   4.42e-03  39.69     18.51         N I 7468.31+
7492.64 -0.34  0.34   1.44e-04  34.37      8.06                  UIL
7504.03 -0.46  0.46   2.24e-04  23.00      3.59         He I 7499.85
7517.45 -0.31  0.31   1.87e-03  40.68     19.34      Fe II 7513.1762
7530.75 -0.30  0.30   3.98e-04  33.78     37.37                 UIL+
7633.14 -0.42  0.42   3.45e-03   7.62      4.30                  UIL
7641.99 -0.40  0.40   4.11e-03  16.86      4.64                  UIL
7667.65 -0.31  0.31   1.80e-03  35.46     13.52                  UIL
7725.38 -0.50  0.50   9.19e-05  33.07      3.16                 UIL+
7728.31 -0.30  0.30   1.04e-04  25.50     32.89                  UIL
7744.18 -0.50  0.50   3.90e-04  61.05      3.17                  UIL
7755.27 -0.30  0.30   1.26e-02  34.19     28.25     [Ar III] 7751.10
7773.07 -0.52  0.52   3.05e-04   9.82      2.95                  UIL
7786.43 -0.33  0.33   6.61e-04  32.52      9.09                  UIL
7794.92 -0.33  0.33   8.23e-04  45.26      8.44                 UIL+
7806.59 -0.36  0.36   6.91e-04  51.89      6.04                 UIL+
7821.16 -0.30  0.30   7.12e-04  28.47     28.65        He I 7816.13+
7842.00 -0.31  0.31   1.40e-03  36.29     16.61                 UIL+
7852.08 -0.48  0.48   5.13e-04  24.57      3.35                 UIL+
7867.14 -0.53  0.53   2.96e-04  32.27      2.86                 UIL+
7880.81 -1.04  1.04   4.24e-04  35.75      1.25      [P II] 7875.99+
7894.34 -0.33  0.33   3.96e-04   9.95      8.46                  UIL
7921.95 -0.39  0.39   3.99e-04  40.35      5.14                 UIL+
7964.15 -0.34  0.34   1.30e-03  26.99      7.59                 UIL+
8004.35 -0.31  0.31   2.74e-03  25.81     21.31     [Fe II] 7997.03+
8013.62 -0.41  0.41   2.91e-04  28.00      4.37                 UIL+
8040.91 -0.59  0.59   2.43e-04  66.69      2.46                  UIL
8051.05 -0.47  0.47   6.74e-04  32.27      3.43     [Cl IV] 8045.62+
8074.01 -0.32  0.32   1.31e-04  39.25     10.70                  UIL
8087.85 -0.32  0.32   4.94e-04  33.26     11.70                  UIL
8129.70 -0.64  0.64   2.07e-03  31.71      2.20        Ca I] 8125.31
8155.59 -0.34  0.34   9.09e-04   9.38      8.09                  UIL
8192.34 -0.30  0.30   2.89e-03  31.93     33.03         N I 8188.012
8195.48 -0.31  0.31   5.01e-04  20.92     15.48                  UIL
8204.68 -0.33  0.33   1.32e-03  39.19      9.92 N I 8200.357        
8211.77 -0.37  0.37   3.53e-04  21.77      5.80                  UIL
8214.81 -0.31  0.31   2.57e-03  38.92     13.13         N I 8210.715
8220.74 -0.31  0.31   5.00e-03  34.56     16.01         N I 8216.34+
8227.60 -0.31  0.31   6.60e-03  36.71     18.74         N I 8223.14+
8234.03 -0.31  0.31   3.97e-03  33.97     17.11         O I 8230.00+
8246.95 -0.31  0.31   3.38e-03  28.96     17.15          N I 8242.39
8271.82 -0.32  0.32   8.51e-04  29.53     10.78                  UIL
8276.57 -0.69  0.69   4.42e-04  19.82      2.01                  UIL
8292.06 -0.31  0.31   5.90e-03  33.08     16.73                  UIL
8303.55 -0.31  0.31   2.65e-03  36.69     14.32                 UIL+
8309.38 -0.45  0.45   7.08e-04   3.96      3.79                 UIL+
8310.50 -0.57  0.57   2.14e-03  70.83      2.58         H I 8306.11+
8318.90 -0.31  0.31   2.89e-03  36.50     17.54          H I 8314.26
8327.73 -0.32  0.32   2.75e-03  36.32     12.42          H I 8323.42
8338.49 -0.32  0.32   4.79e-03  38.86     12.60                 UIL+
8350.14 -0.32  0.32   3.10e-03  38.17     12.81          H I 8345.55
8363.38 -0.30  0.30   3.57e-03  33.70     24.13         H I 8359.00+
8379.09 -0.31  0.31   3.79e-03  33.51     15.30          H I 8374.48
8391.70 -0.50  0.50   3.23e-04  29.05      3.09                  UIL
8396.86 -0.30  0.30   3.63e-03  13.20     30.21         H I 8392.40+
8404.06 -1.02  1.02   1.14e-04  45.04      1.28                  UIL
8417.90 -0.30  0.30   4.04e-03  30.36     25.42         H I 8413.32+
8442.50 -0.32  0.32   6.64e-03  37.46     11.44          H I 8437.96
8451.02 -0.30  0.30   9.28e-02  33.52     26.96          O I 8446.48
8464.06 -0.34  0.34   2.81e-03  33.60      8.35                 UIL+
8471.89 -0.31  0.31   5.53e-03  28.96     22.07          H I 8467.26
8480.29 -0.33  0.33   3.50e-04  34.98      8.57                  UIL
8502.67 -0.35  0.35   1.61e-03  43.93      7.11                  UIL
8507.01 -0.30  0.30   5.83e-03  27.76     27.35          H I 8502.49
8522.36 -0.33  0.33   2.59e-04  45.00      9.36         He I 8518.04
8527.42 -0.31  0.31   6.05e-04  36.75     14.31                  UIL
8534.10 -0.36  0.36   2.80e-04  38.76      6.06         He I 8528.95
8549.86 -0.30  0.30   7.20e-03  31.28     25.95         H I 8545.38+
8554.96 -0.31  0.31   5.04e-04  28.23     13.21                  UIL
8565.08 -0.31  0.31   7.38e-04  34.83     20.67                  UIL
8583.27 -0.30  0.30   2.22e-03  28.65     36.55     [Cl II] 8578.69+
8588.04 -0.55  0.55   1.20e-04   6.38      2.72        He I 8582.61+
8603.07 -0.31  0.31   8.04e-03  24.56     21.35          H I 8598.39
8621.75 -0.35  0.35   1.43e-03  10.52      6.73      [Fe II] 8616.95
8625.68 -0.42  0.42   5.07e-05   7.34      4.25                  UIL
8634.23 -0.35  0.35   7.13e-04  37.09      6.72          N I 8629.24
8654.69 -0.34  0.34   7.46e-04  35.92      7.36                 UIL+
8664.37 -0.46  0.46   5.77e-04  10.19      3.58                  UIL
8669.58 -0.30  0.30   1.03e-02  28.25     31.09          H I 8665.02
8678.22 -0.69  0.69   4.06e-04  34.32      2.00                 UIL+
8685.31 -0.52  0.52   5.99e-04   7.02      2.91         N I 8680.282
8688.56 -0.55  0.55   1.09e-03  45.49      2.71                 UIL+
8700.95 -1.03  1.03   2.17e-03  86.07      1.27                 UIL+
8700.04 -0.32  0.32   1.02e-03  37.09     10.77                 UIL+
8708.10 -0.33  0.33   2.15e-03  28.37      9.78         N I 8703.247
8716.48 -0.31  0.31   2.87e-03  33.22     17.90         N I 8711.703
8723.61 -0.31  0.31   1.29e-03  35.05     16.25         N I 8718.837
8732.11 -0.31  0.31   2.95e-03  33.14     16.96        [C I] 8727.13
8738.45 -0.32  0.32   2.57e-04  32.88     12.84         He I 8733.43
8743.66 -0.32  0.32   3.44e-04  35.29     12.08                  UIL
8755.14 -0.30  0.30   1.57e-02  32.92     23.89          H I 8750.47
8781.39 -0.46  0.46   2.20e-04  22.95      3.54        He I 8776.71+
8794.06 -0.31  0.31   8.41e-04  32.85     17.94                  UIL
8814.93 -0.31  0.31   4.21e-04  35.08     13.39                  UIL
8855.53 -0.33  0.33   1.22e-03  28.66      9.12                  UIL
8865.68 -0.93  0.93   4.89e-03   0.22      1.42                  UIL
8867.53 -0.31  0.31   2.18e-02  33.92     18.82          H I 8862.79
8893.93 -0.35  0.35   3.00e-04  24.17      6.94                  UIL
8898.39 -0.33  0.33   1.51e-03  31.82      8.92                  UIL
8952.16 -0.47  0.47   9.47e-04  36.76      3.52                  UIL
9019.79 -0.31  0.31   2.65e-02  33.27     19.64          H I 9014.91
9025.49 -0.32  0.32   4.05e-04   1.84     10.97                  UIL
9034.36 -0.35  0.35   1.91e-03  30.21      7.07                  UIL
9038.42 -0.74  0.74   4.96e-04  33.38      1.85                  UIL
9056.17 -1.10  1.10   4.94e-04  27.30      1.18                  UIL
9065.98 -0.91  0.91   1.34e-03  26.68      1.45         He I 9063.29
9073.76 -0.30  0.30   1.73e-01  32.18     24.62      [S III] 9068.90
9090.07 -1.22  1.22   7.62e-04  29.89      1.05                  UIL
9100.19 -0.97  0.97   2.71e-03  75.65      1.36                  UIL
9127.22 -0.35  0.35   1.55e-03  39.80      7.32      [Cl II] 9123.60
9148.08 -0.69  0.69   8.68e-04  60.35      2.02                  UIL
9209.17 -0.31  0.31   3.29e-03  29.03     17.14        Ca I] 9204.09
9223.17 -0.33  0.33   3.35e-03  30.30      9.15        Fe I] 9218.47
9233.93 -0.31  0.31   3.45e-02  31.47     21.19          H I 9229.01
9249.15 -0.35  0.35   2.05e-03  25.92      6.70        Ca I] 9244.31
9268.14 -0.63  0.63   2.52e-04  71.61      2.26                  UIL
9302.49 -0.32  0.32   1.97e-03  30.89     12.04                  UIL
