 0.6915830     -125.2370    
 0.6916091     -125.2370    
 0.6950408     -125.2439    
 0.6950669     -125.6408    
 0.6981765     -124.7148    
 0.6982026     -124.6389    
 0.6989700    -100.00000    
 0.7265526    -100.00000    
 0.7524875     -111.8801    
 0.7525136     -111.4517    
 0.7562684     -110.8561    
 0.7562944    -100.00000    
 0.7903624    -100.00000    
 0.8219512     -99.80267    
 0.8219773     -99.37385    
 0.8256871     -98.91811    
 0.8257132     -98.90492    
 0.8270964     -98.66823    
 0.8271225     -98.65852    
 0.8287464     -98.40842    
 0.8287724    -100.00000    
 0.8615415    -100.00000    
 0.8920105    -100.00000    
 0.9204814    -100.00000    
 0.9472000     -81.65613    
 0.9472261    -100.00000    
 0.9610684     -79.10328    
 0.9610945    -100.00000    
 0.9737423     -77.53890    
 0.9737684     -77.36700    
 0.9757254     -77.17423    
 0.9757515     -77.32842    
 0.9780505     -76.80744    
 0.9780766    -100.00000    
  1.002006    -100.00000    
  1.024685    -100.00000    
  1.066772    -100.00000    
  1.105139    -100.00000    
  1.140390    -100.00000    
  1.172993    -100.00000    
  1.203318    -100.00000    
  1.231664    -100.00000    
  1.258272     -54.38469    
  1.258298    -100.00000    
  1.281083     -51.02275    
  1.281109    -100.00000    
  1.305160     -43.33133    
  1.305186    -100.00000    
  1.326915     -36.87058    
  1.326941     -37.11666    
  1.346694     -36.13983    
  1.346720     -36.21503    
  1.362546     -35.61621    
  1.362572     -36.74266    
  1.390897     -34.83337    
  1.390924    -100.00000    
  1.416635     -33.56629    
  1.416661     -33.75682    
  1.443021     -32.79056    
  1.443047    -100.00000    
  1.465962     -31.06762    
  1.465988    -100.00000    
  1.485873     -28.33040    
  1.485899    -100.00000    
  1.499967     -26.47196    
  1.499993     -26.23659    
  1.524019    -100.00000    
  1.546785     -27.45564    
  1.546812     -27.33067    
  1.576132     -26.54799    
  1.576158     -26.61155    
  1.604777     -26.19591    
  1.604803     -18.07392    
  1.629435    -100.00000    
  1.629461     -20.75386    
  1.655483     -21.28225    
  1.680033     -25.17749    
  1.703270     -24.73109    
  1.725326     -24.27980    
  1.725352     -24.25185    
  1.731789     -24.11686    
  1.731815     -24.67370    
  1.759985     -24.28445    
  1.786439     -22.45670    
  1.786465    -100.00000    
  1.816267    -100.00000    
  1.844155     -19.67411    
  1.844181    -100.00000    
  1.873455     -18.27536    
  1.873481    -100.00000    
  1.905852     -16.83303    
  1.905878     -16.70558    
  1.913985     -16.34126    
  1.914011     -16.43711    
  1.926739     -15.83061    
  1.926765     -15.79108    
  1.927492     -15.76250    
  1.927518    -100.00000    
  1.953099     -14.85081    
  1.953125    -100.00000    
  1.992547     -13.47509    
  1.992573     -13.31055    
  1.994242     -13.25142    
  1.994268     -13.25224    
  1.996583     -13.17214    
  1.996609     -13.17202    
  1.997969     -13.11671    
  1.997995     -13.10664    
  2.007452     -12.80263    
  2.007478     -12.78139    
  2.018315     -12.52042    
  2.018341     -12.51993    
  2.028139     -12.17548    
  2.028165     -12.19647    
  2.036834     -11.91605    
  2.036860     -11.99279    
  2.054806     -11.39483    
  2.054832     -11.32719    
  2.061074     -11.14084    
  2.061100     -11.33057    
  2.077560     -10.68224    
  2.077586     -10.50661    
  2.096009     -10.38424    
  2.096035     -11.66521    
  2.097335     -10.11189    
  2.097361     -10.05830    
  2.101549     -9.974420    
  2.101575     -10.03928    
  2.102614     -10.26171    
  2.102640     -10.13725    
  2.105856     -10.10354    
  2.105882     -10.11783    
  2.106131     -10.12352    
  2.106157     -10.24920    
  2.111538     -10.00185    
  2.111564     -9.958224    
  2.111972     -9.939210    
  2.111998     -9.801831    
  2.119253     -10.35432    
  2.119279     -10.25403    
  2.124259     -9.949576    
  2.124285     -10.02834    
  2.127003     -10.11843    
  2.127029     -10.35487    
  2.127689     -10.06985    
  2.127715     -9.991486    
  2.137516     -9.860209    
  2.137543     -9.613827    
  2.138167     -10.03758    
  2.138193     -10.04142    
  2.149401     -9.597501    
  2.149427     -9.626022    
  2.150323     -9.671251    
  2.150349     -9.718527    
  2.150451     -9.750446    
  2.150478     -9.723880    
  2.156771     -9.462117    
  2.156797     -9.614176    
  2.158990     -9.561814    
  2.159016     -10.00586    
  2.168085     -8.916442    
  2.168111     -9.151282    
  2.177634     -9.047765    
  2.177660     -8.882727    
  2.181761     -9.442260    
  2.181787     -9.361828    
  2.188475     -8.609744    
  2.188501     -9.200488    
  2.202392     -8.347016    
  2.202418     -8.211317    
  2.204200     -8.696720    
  2.204226     -8.446045    
  2.209967     -8.575378    
  2.209993     -8.417787    
  2.217868     -8.337909    
  2.217894     -8.566653    
  2.217973     -8.542820    
  2.217999     -8.536114    
  2.218346     -8.416608    
  2.218372     -8.389389    
  2.218718     -8.344297    
  2.218745     -8.572134    
  2.225651     -8.607541    
  2.232450     -8.080249    
  2.232476     -8.188019    
  2.234725     -7.997266    
  2.234751     -9.252234    
  2.239647     -7.869153    
  2.239673     -7.160118    
  2.242461    -100.00000    
  2.242487     -8.211107    
  2.243634     -8.235021    
  2.243660     -8.024602    
  2.245376     -7.967451    
  2.245402     -7.995388    
  2.250751     -8.303702    
  2.250777     -8.264208    
  2.253726     -7.754176    
  2.253752     -7.733560    
  2.257114     -8.141381    
  2.260450     -7.838086    
  2.263761     -7.713483    
  2.267047     -7.674717    
  2.267073     -7.671333    
  2.270520     -7.723749    
  2.270546     -7.741066    
  2.271659     -7.905406    
  2.271685     -7.831930    
  2.271838     -7.831451    
  2.271864     -7.925864    
  2.273764     -8.045703    
  2.273790     -7.960734    
  2.275848     -7.918617    
  2.275875     -7.736749    
  2.278055     -7.641465    
  2.278081     -7.720929    
  2.280272     -7.745310    
  2.280298     -7.786221    
  2.283835     -7.803225    
  2.283861     -7.749336    
  2.285263     -7.649500    
  2.285289     -8.832801    
  2.286319     -8.196945    
  2.286345     -8.183767    
  2.286816     -8.059473    
  2.286843     -8.147771    
  2.289444     -7.536195    
  2.292031     -7.581119    
  2.294602     -7.276723    
  2.297158     -7.052838    
  2.297184     -6.940466    
  2.298013     -6.914255    
  2.298039     -7.030561    
  2.299510     -7.329959    
  2.299536     -7.781037    
  2.301188     -7.484263    
  2.302835     -7.571259    
  2.304475     -7.522120    
  2.306109     -7.465356    
  2.306135     -7.512866    
  2.307390     -7.358546    
  2.308642     -7.251379    
  2.308668     -7.017525    
  2.310145     -7.573657    
  2.311618     -7.301975    
  2.313085     -7.463137    
  2.314548     -7.306450    
  2.314574     -7.330163    
  2.315022     -7.392119    
  2.315048     -7.374864    
  2.315628     -7.355073    
  2.315654     -7.291450    
  2.316640     -7.549644    
  2.317624     -7.343093    
  2.317650     -7.345557    
  2.318472     -7.316373    
  2.318499     -7.311477    
  2.319125     -7.383975    
  2.319151     -7.379575    
  2.320138     -7.224708    
  2.321123     -7.120434    
  2.322105     -6.813082    
  2.323085     -7.275954    
  2.323111     -7.148764    
  2.324238     -6.880109    
  2.324264     -6.985908    
  2.325142     -7.079367    
  2.326019     -6.992664    
  2.326894     -6.778413    
  2.327767     -7.111009    
  2.327793     -7.088839    
  2.328784     -7.022488    
  2.329773     -6.882626    
  2.330760     -6.758771    
  2.331745     -7.108831    
  2.331771     -6.795653    
  2.332451     -6.556686    
  2.333131     -7.359954    
  2.333157     -7.155135    
  2.333940     -6.978052    
  2.334721     -6.786249    
  2.334747     -6.869009    
  2.335758     -6.984886    
  2.336767     -7.264373    
  2.337773     -6.750109    
  2.338777     -7.016481    
  2.338803     -6.945887    
  2.339391     -6.937228    
  2.339977     -6.931692    
  2.340563     -7.039723    
  2.341149     -6.993368    
  2.341175     -6.994982    
  2.341313     -6.998882    
  2.341339     -7.000764    
  2.341416     -7.006767    
  2.341442     -7.016482    
  2.341995     -7.035257    
  2.342548     -7.018403    
  2.342574     -7.012807    
  2.343152     -6.977144    
  2.343730     -6.951963    
  2.344307     -6.971353    
  2.344884     -6.986211    
  2.344910     -6.986142    
  2.345914     -7.031040    
  2.346415     -7.071675    
  2.346916     -7.098027    
  2.347416     -7.067915    
  2.347915     -6.912819    
  2.348414     -6.914861    
  2.348912     -6.964918    
  2.348938     -6.957654    
  2.349663     -6.965554    
  2.350387     -6.958387    
  2.350413     -6.955185    
  2.351174     -6.937975    
  2.351935     -6.903904    
  2.352694     -6.924530    
  2.353452     -6.867801    
  2.353478     -6.871143    
  2.354014     -6.859848    
  2.354040     -6.834913    
  2.354826     -6.827674    
  2.355610     -6.770621    
  2.356393     -6.644272    
  2.357175     -6.574831    
  2.357201     -6.582217    
  2.357613     -6.605112    
  2.357639     -6.690131    
  2.360689     -6.459718    
  2.360715     -6.483637    
  2.361482     -6.580680    
  2.361508     -5.513138    
  2.370561     -5.370946    
  2.370587     -5.416092    
  2.372143     -5.500875    
  2.372169     -5.270444    
  2.373576     -5.564866    
  2.373602     -5.055276    
  2.376732     -5.957548    
  2.376758     -5.786244    
  2.381432     -5.448511    
  2.381458     -5.105121    
  2.381604     -4.954960    
  2.381630     -4.922233    
  2.382020     -5.117983    
  2.382046     -4.771869    
  2.384696     -4.577744    
  2.384723     -4.730956    
  2.387156     -5.839866    
  2.387182     -5.041281    
  2.387250     -5.042159    
  2.387276     -4.655766    
  2.397757     -4.869754    
  2.397783     -4.712755    
  2.403737     -4.153831    
  2.403763     -4.565958    
  2.405849     -4.262003    
  2.405875     -4.440536    
  2.406950     -4.347089    
  2.406976     -4.415677    
  2.409375     -4.472230    
  2.409401     -4.445725    
  2.409997     -4.216995    
  2.410023     -4.137905    
  2.411532     -4.191513    
  2.411558     -4.052041    
  2.413129     -4.197220    
  2.413155     -5.465043    
  2.414139     -3.995212    
  2.414165     -4.108389    
  2.414800     -4.135851    
  2.414826     -4.234888    
  2.417258     -3.960099    
  2.417284     -4.156876    
  2.417479     -4.156122    
  2.417505     -4.112888    
  2.419934     -4.183067    
  2.419960     -4.138235    
  2.429044     -4.112634    
  2.429070     -4.211972    
  2.429812     -4.102221    
  2.429838     -4.166516    
  2.429941     -4.156337    
  2.429968     -4.239775    
  2.433545     -4.071415    
  2.433571     -4.064977    
  2.434793     -4.264613    
  2.434819     -4.129879    
  2.435600     -4.059932    
  2.435626     -4.246854    
  2.438130     -4.040563    
  2.438156     -3.910368    
  2.438775     -3.989838    
  2.438801     -4.088012    
  2.441117     -3.923837    
  2.441143     -4.033615    
  2.441622     -3.984690    
  2.441648     -4.042494    
  2.443145     -3.895619    
  2.443172     -3.802966    
  2.446855     -4.125732    
  2.446881     -3.987154    
  2.448077     -4.227817    
  2.448103     -4.032198    
  2.449403     -4.821253    
  2.449429     -4.072221    
  2.454802     -3.917737    
  2.454828     -3.953970    
  2.455220     -3.898561    
  2.455246     -3.883080    
  2.455715     -3.828629    
  2.455741     -3.834793    
  2.456057     -3.853355    
  2.456083     -3.821233    
  2.457136     -4.282881    
  2.457162     -4.039223    
  2.460232     -3.994560    
  2.460258     -3.985502    
  2.460625     -3.886944    
  2.460651     -3.852163    
  2.461200     -3.948479    
  2.461226     -4.014719    
  2.461623     -3.988740    
  2.461649     -3.998696    
  2.465081     -3.766812    
  2.465107     -4.030936    
  2.466316     -4.238216    
  2.466342     -3.901343    
  2.467007     -4.263623    
  2.467033     -4.595067    
  2.469850     -4.267827    
  2.469876     -3.933289    
  2.470870     -4.298231    
  2.470896     -4.292741    
  2.471160     -4.205118    
  2.471186     -4.185788    
  2.471286     -4.153511    
  2.471312     -4.135067    
  2.471592     -4.166852    
  2.471618     -4.191081    
  2.471859     -4.352206    
  2.471885     -4.416836    
  2.473938     -4.113927    
  2.473964     -5.626400    
  2.476473     -3.769902    
  2.476499     -3.804359    
  2.476658     -3.918678    
  2.476684     -3.962372    
  2.477008     -4.376930    
  2.477034     -5.294815    
  2.479576     -3.686180    
  2.479602     -3.734671    
  2.483495     -5.920322    
  2.483521     -4.193528    
  2.483855     -4.064925    
  2.483881     -4.064360    
  2.484161     -4.095271    
  2.484187     -4.120520    
  2.484225     -4.140605    
  2.484298     -4.179404    
  2.484324     -4.197258    
  2.484548     -4.273927    
  2.484574     -3.759939    
  2.487068     -3.912620    
  2.487094     -3.808753    
  2.490987     -3.686225    
  2.491013     -3.829584    
  2.491430     -4.729876    
  2.491456     -4.082553    
  2.493829     -4.061712    
  2.493855     -4.342675    
  2.494479     -3.748658    
  2.494505     -3.733704    
  2.496138     -3.811589    
  2.496164     -3.796817    
  2.497264     -3.964999    
  2.497290     -3.879273    
  2.497709     -3.885692    
  2.497735     -3.898403    
  2.498054     -3.950778    
  2.498080     -3.941558    
  2.501933     -3.731370    
  2.501959     -3.839209    
  2.503950     -3.920946    
  2.503976     -3.826708    
  2.504100     -3.843258    
  2.504126     -3.855564    
  2.506222     -3.773826    
  2.506248     -3.744596    
  2.506887     -3.756221    
  2.506913     -3.740179    
  2.507076     -3.746538    
  2.507102     -3.752645    
  2.507234     -3.787584    
  2.507260     -3.842791    
  2.508936     -3.783885    
  2.508962     -3.737202    
  2.509000     -3.728166    
  2.509026     -3.707530    
  2.509852     -3.718608    
  2.509878     -3.725366    
  2.510053     -3.772259    
  2.510079     -3.958744    
  2.511786     -3.815509    
  2.511813     -3.868480    
  2.512377     -3.644277    
  2.512404     -3.694514    
  2.514206     -3.776694    
  2.514232     -3.631154    
  2.515517     -3.629984    
  2.515543     -3.632900    
  2.515749     -3.641423    
  2.515775     -3.643450    
  2.515839     -3.647558    
  2.515866     -3.649338    
  2.515902     -3.651927    
  2.515928     -3.653844    
  2.516736     -3.743244    
  2.516763     -3.721488    
  2.516973     -3.694336    
  2.516999     -3.686088    
  2.517971     -3.603659    
  2.517997     -3.657659    
  2.518475     -3.708267    
  2.518501     -3.681299    
  2.519371     -3.605851    
  2.519397     -3.642398    
  2.523458     -3.719175    
  2.523485     -3.704446    
  2.526015     -3.737001    
  2.528531     -3.764664    
  2.528557     -3.825291    
  2.532645     -3.814185    
  2.532671     -3.853443    
  2.533864     -3.752184    
  2.533890     -3.673739    
  2.536637     -3.698939    
  2.539367     -3.764940    
  2.539394     -3.745692    
  2.542501     -3.908096    
  2.542527     -3.923881    
  2.544716     -3.741956    
  2.544742     -3.936694    
  2.546838     -3.860996    
  2.546864     -3.831933    
  2.547359     -3.785127    
  2.547385     -3.776725    
  2.547467     -3.763682    
  2.547493     -3.749854    
  2.551148     -3.719530    
  2.551174     -3.714314    
  2.551788     -3.735298    
  2.551814     -3.805674    
  2.555525     -3.837052    
  2.555551     -3.725801    
  2.558413     -3.690464    
  2.558439     -3.685468    
  2.558900     -3.699827    
  2.558926     -3.711538    
  2.562365     -3.777103    
  2.562391     -3.880119    
  2.562708     -3.932435    
  2.562735     -3.971725    
  2.565530     -3.741516    
  2.568307     -3.883022    
  2.568333     -3.672174    
  2.568399     -3.675735    
  2.568425     -3.673857    
  2.568740     -3.816118    
  2.568765     -3.831070    
  2.568792     -3.881127    
  2.571346     -3.688394    
  2.571372     -3.683471    
  2.571520     -3.682433    
  2.571546     -3.663455    
  2.573817     -3.719713    
  2.576076     -3.678203    
  2.576102     -3.946676    
  2.579478     -3.778125    
  2.582828     -3.805955    
  2.582854     -3.755707    
  2.584966     -3.858603    
  2.584992     -4.186101    
  2.586240     -3.864648    
  2.586266     -3.777361    
  2.588283     -3.742272    
  2.588309     -3.870756    
  2.589445     -4.510782    
  2.589471     -4.416910    
  2.590629     -4.059640    
  2.590655     -4.099182    
  2.592847     -4.140996    
  2.595028     -3.888563    
  2.595054     -3.687381    
  2.596291     -3.893661    
  2.596317     -3.944587    
  2.596347     -4.006501    
  2.597676     -3.886724    
  2.597703     -4.058831    
  2.599443     -3.831536    
  2.599469     -4.082722    
  2.600950     -3.894978    
  2.600976     -4.020878    
  2.603363     -3.738924    
  2.603390     -3.662829    
  2.606269     -3.854284    
  2.606295     -3.865993    
  2.606355     -3.857737    
  2.606381     -3.829704    
  2.607088     -3.967103    
  2.607114     -3.962189    
  2.607268     -3.954394    
  2.607294     -3.951017    
  2.607422     -3.935579    
  2.607448     -3.932237    
  2.607583     -3.906711    
  2.607610     -3.888222    
  2.608822     -3.772204    
  2.608848     -3.775569    
  2.611614     -3.732372    
  2.614363     -3.799172    
  2.614389     -3.797265    
  2.617047     -3.764816    
  2.619690     -3.650015    
  2.619716     -3.692528    
  2.620810     -3.655460    
  2.620836     -3.639696    
  2.620889     -3.636553    
  2.620915     -3.623991    
  2.621993     -3.632331    
  2.622019     -3.744325    
  2.625501     -3.872433    
  2.625527     -3.705004    
  2.626327     -3.750666    
  2.626353     -3.720151    
  2.627054     -3.896649    
  2.627080     -3.863715    
  2.630159     -3.712800    
  2.633217     -3.746111    
  2.633243     -3.730765    
  2.633616     -3.788328    
  2.633642     -3.793562    
  2.634860     -3.907613    
  2.634886     -3.857675    
  2.637264     -3.719296    
  2.637290     -3.678744    
  2.640667     -3.711298    
  2.640693     -3.653098    
  2.642655     -3.838724    
  2.644608     -3.639699    
  2.644634     -3.710875    
  2.645884     -3.675458    
  2.645910     -3.636823    
  2.646467     -3.783765    
  2.646493     -3.814636    
  2.646793     -3.874463    
  2.646819     -3.778465    
  2.648509     -3.641790    
  2.648535     -3.669297    
  2.648569     -3.668410    
  2.650611     -3.642667    
  2.650637     -3.622927    
  2.652053     -3.652374    
  2.652079     -3.657078    
  2.652535     -3.693125    
  2.652561     -3.708086    
  2.653789     -3.737310    
  2.653815     -3.731403    
  2.654544     -3.708867    
  2.654570     -3.699904    
  2.655879     -3.663112    
  2.655905     -3.650967    
  2.656887     -3.641579    
  2.656913     -3.653770    
  2.656969     -3.654784    
  2.656995     -3.656235    
  2.657324     -3.646891    
  2.657350     -3.645237    
  2.657529     -3.642828    
  2.657556     -3.644522    
  2.658514     -3.659988    
  2.658540     -3.661533    
  2.659819     -3.686519    
  2.659845     -3.652991    
  2.661662     -3.639872    
  2.661688     -3.655469    
  2.661741     -3.657182    
  2.661767     -3.668469    
  2.662869     -3.636507    
  2.662895     -3.636931    
  2.662923     -3.636433    
  2.663217     -3.644886    
  2.663243     -3.652247    
  2.664942     -3.708842    
  2.664968     -3.723212    
  2.666637     -3.676114    
  2.668300     -3.619501    
  2.668327     -3.637325    
  2.669554     -3.631639    
  2.670779     -3.700089    
  2.670805     -3.672865    
  2.672474     -3.645524    
  2.674136     -3.654143    
  2.674162     -3.670854    
  2.675402     -3.679887    
  2.675428     -3.668137    
  2.676854     -3.657101    
  2.676880     -3.661707    
  2.677782     -3.650825    
  2.677808     -3.652027    
  2.679265     -3.652459    
  2.680718     -3.653221    
  2.682165     -3.647871    
  2.683608     -3.649490    
  2.683634     -3.650767    
  2.684647     -3.651813    
  2.685650     -3.651731    
  2.685677     -3.651978    
  2.685745     -3.652038    
  2.685771     -3.651804    
  2.686018     -3.653919    
  2.686044     -3.652855    
  2.686551     -3.679177    
  2.686577     -3.687040    
  2.687604     -3.650683    
  2.688629     -3.656059    
  2.688655     -3.652856    
  2.689773     -3.663348    
  2.690888     -3.676381    
  2.690914     -3.683014    
  2.690957     -3.686619    
  2.690983     -3.705393    
  2.692104     -3.653917    
  2.692663     -3.694180    
  2.693221     -3.685020    
  2.693247     -3.661475    
  2.693930     -3.681686    
  2.694611     -3.667037    
  2.695292     -3.658513    
  2.695971     -3.660978    
  2.696650     -3.664098    
  2.697327     -3.669109    
  2.698003     -3.662522    
  2.698678     -3.674148    
  2.698704     -3.675418    
  2.698747     -3.676027    
  2.698773     -3.677417    
  2.699173     -3.673802    
  2.699199     -3.672088    
  2.699707     -3.667579    
  2.700214     -3.668889    
  2.700240     -3.667984    
  2.700517     -3.665645    
  2.700543     -3.665752    
  2.700562     -3.665721    
  2.700588     -3.665770    
  2.701102     -3.666135    
  2.701616     -3.669397    
  2.702128     -3.670341    
  2.702641     -3.672256    
  2.702667     -3.677722    
  2.704263     -3.667087    
  2.704289     -3.669402    
  2.704778     -3.671688    
  2.704804     -3.671973    
  2.705149     -3.673954    
  2.705176     -3.676573    
  2.706354     -3.672598    
  2.706380     -3.671354    
  2.707338     -3.675235    
  2.707364     -3.676373    
  2.708243     -3.675854    
  2.708265     -3.676194    
  2.708291     -3.676315    
  2.708382     -3.676918    
  2.708408     -3.677666    
  2.709302     -3.685669    
  2.709328     -3.665662    
  2.710066     -3.800437    
  2.710092     -3.766907    
  2.712261     -3.648790    
  2.712287     -3.681029    
  2.716426     -3.686835    
  2.716452     -3.693905    
  2.716512     -3.694015    
  2.716538     -3.678088    
  2.718970     -3.715757    
  2.721389     -3.677569    
  2.721415     -3.687498    
  2.721822     -3.689508    
  2.721848     -3.678567    
  2.724988     -3.718233    
  2.725014     -3.802110    
  2.725160     -3.831076    
  2.725186     -3.832767    
  2.725284     -3.831165    
  2.725310     -3.832308    
  2.725772     -3.705673    
  2.725798     -3.697750    
  2.727554     -3.694973    
  2.727580     -3.702705    
  2.728176     -3.715157    
  2.728202     -3.711544    
  2.728398     -3.705846    
  2.728424     -3.704838    
  2.728587     -3.700924    
  2.728613     -3.697428    
  2.730067     -3.697786    
  2.730093     -3.697836    
  2.733184     -3.702707    
  2.733210     -3.701301    
  2.734192     -3.714391    
  2.734218     -3.724177    
  2.735929     -3.711732    
  2.735955     -3.708207    
  2.736022     -3.708024    
  2.736048     -3.706350    
  2.737089     -3.706625    
  2.737115     -3.707778    
  2.738198     -3.707959    
  2.738224     -3.708917    
  2.738774     -3.716474    
  2.738800     -3.713712    
  2.740331     -3.710552    
  2.740357     -3.716392    
  2.742489     -3.712713    
  2.742515     -3.714159    
  2.742845     -3.716563    
  2.742871     -4.003877    
  2.746971     -3.836888    
  2.746997     -3.852066    
  2.749427     -3.542990    
  2.751831     -3.709337    
  2.751857     -3.682885    
  2.752111     -3.688984    
  2.752137     -3.691502    
  2.753459     -3.712389    
  2.753485     -3.708768    
  2.754539     -3.719485    
  2.754566     -3.720564    
  2.754881     -3.722130    
  2.754907     -3.721461    
  2.755529     -3.722771    
  2.755555     -3.725605    
  2.758504     -3.734222    
  2.758531     -3.732053    
  2.759057     -3.733039    
  2.759083     -3.733100    
  2.759298     -3.733414    
  2.759324     -3.733332    
  2.759941     -3.734653    
  2.759967     -3.736181    
  2.760777     -3.735332    
  2.760803     -3.734155    
  2.762338     -3.737358    
  2.762364     -3.735166    
  2.763494     -3.748480    
  2.763520     -3.751795    
  2.764607     -3.737255    
  2.764634     -3.741554    
  2.764790     -3.742846    
  2.764816     -3.743582    
  2.765431     -3.743001    
  2.765457     -3.742974    
  2.765786     -3.742455    
  2.765812     -3.741591    
  2.766720     -3.743874    
  2.766746     -3.745521    
  2.767599     -3.750964    
  2.767625     -3.747037    
  2.768816     -3.745490    
  2.768842     -3.746340    
  2.768873     -3.746418    
  2.768899     -3.746550    
  2.769246     -3.747198    
  2.769273     -3.743532    
  2.770825     -3.758331    
  2.770851     -3.772040    
  2.772571     -3.743964    
  2.772597     -3.751002    
  2.775871     -3.756380    
  2.775898     -3.755146    
  2.777571     -3.758644    
  2.777597     -3.745242    
  2.781452     -3.810502    
  2.781478     -3.844676    
  2.783779     -3.761817    
  2.783805     -3.795049    
  2.786347     -3.979828    
  2.786373     -3.807040    
  2.787394     -3.766384    
  2.787420     -3.714065    
  2.789379     -3.901196    
  2.789405     -3.787577    
  2.792084     -3.684592    
  2.792110     -3.754906    
  2.795992     -3.830939    
  2.796018     -3.785015    
  2.799330     -3.910963    
  2.799356    -100.00000    
  2.799768     -5.194095    
  2.799795     -5.200464    
  2.800685     -4.605817    
  2.800711     -4.752177    
  2.802982     -3.782859    
  2.803008     -3.711257    
  2.805911     -3.636016    
  2.808794     -3.790230    
  2.811659     -3.803248    
  2.814504     -3.811319    
  2.814531     -3.811436    
  2.815805     -3.811507    
  2.815831     -3.812257    
  2.816461     -3.813393    
  2.816487     -3.813432    
  2.817048     -3.814357    
  2.817074     -3.814372    
  2.818601     -3.817898    
  2.818627     -3.817788    
  2.822346     -3.828611    
  2.826033     -3.888211    
  2.826059     -3.837975    
  2.829643     -3.833723    
  2.829669     -3.836273    
  2.833025     -3.841512    
  2.833051     -3.841539    
  2.836279     -3.845216    
  2.836305     -3.846005    
  2.836473     -3.846508    
  2.836499     -3.848611    
  2.839407     -3.859652    
  2.839433     -3.843118    
  2.840448     -3.899018    
  2.840474     -3.871245    
  2.844142     -3.850263    
  2.844168     -3.857521    
  2.844752     -3.858669    
  2.844778     -3.858873    
  2.845644     -3.860879    
  2.845670     -3.860692    
  2.846022     -3.861226    
  2.846048     -3.861339    
  2.846084     -3.861443    
  2.846110     -3.861428    
  2.846350     -3.862812    
  2.846376     -3.857000    
  2.846960     -3.896790    
  2.846986     -3.929647    
  2.850315     -3.844825    
  2.850341     -3.859639    
  2.851138     -3.902769    
  2.851164     -3.925074    
  2.851303     -3.959896    
  2.851329     -3.974606    
  2.851635     -4.013063    
  2.851661     -3.940971    
  2.853000     -3.847440    
  2.853026     -3.873928    
  2.853688     -3.873851    
  2.853714     -3.873710    
  2.856751     -3.879356    
  2.856777     -3.879488    
  2.859747     -3.889110    
  2.859773     -3.887599    
  2.863227     -3.894910    
  2.863253     -3.894425    
  2.864041     -3.898251    
  2.864067     -3.897622    
  2.864202     -3.897044    
  2.864228     -3.892555    
  2.866992     -3.899523    
  2.867018     -3.905097    
  2.869268     -3.900084    
  2.871507     -3.906219    
  2.871533     -3.907850    
  2.871590     -3.908134    
  2.871617     -3.908414    
  2.871996     -3.908733    
  2.872022     -3.909499    
  2.874358     -3.914382    
  2.874384     -3.910234    
  2.876673     -3.921191    
  2.876699     -3.918438    
  2.877153     -3.916470    
  2.877179     -3.919520    
  2.880574     -3.934220    
  2.880600     -4.055967    
  2.882343    -100.00000    
  2.882369     -4.544857    
  2.882700     -4.463094    
  2.882726     -4.698257    
  2.885367     -3.861934    
  2.885393     -3.814521    
  2.886410     -3.682139    
  2.886436     -3.704017    
  2.886684     -3.737511    
  2.886711     -3.753982    
  2.887586     -3.835774    
  2.887612     -3.831053    
  2.888537     -4.100138    
  2.888563     -4.114596    
  2.889344     -3.689542    
  2.889370     -3.858468    
  2.891995     -3.982022    
  2.892021     -4.017127    
  2.893735     -4.081328    
  2.893761     -3.969893    
  2.894101     -3.792978    
  2.894127     -3.837385    
  2.895125     -3.969898    
  2.895151     -3.938036    
  2.895520     -3.943960    
  2.895547     -3.978093    
  2.896797     -4.127757    
  2.896824     -3.924710    
  2.897817    -100.00000    
  2.897843     -4.148278    
  2.900619     -4.005060    
  2.900645     -4.543116    
  2.901366     -3.745242    
  2.901392     -3.906693    
  2.905057     -3.877464    
  2.905083     -3.925039    
  2.905579     -3.934285    
  2.905605     -3.935457    
  2.907884     -3.976959    
  2.907910     -3.963004    
  2.908129     -3.978016    
  2.908155     -3.980317    
  2.908507     -4.041624    
  2.908533     -4.086726    
  2.909451     -3.959251    
  2.909477     -3.952215    
  2.910120     -3.971077    
  2.910146     -3.969914    
  2.913205     -3.978001    
  2.916242     -3.989441    
  2.916268     -3.994492    
  2.916557     -4.007139    
  2.916584     -4.008633    
  2.916815     -4.007909    
  2.916841     -4.005548    
  2.917202     -3.986878    
  2.917228     -3.986589    
  2.917946     -3.987237    
  2.917972     -3.988128    
  2.921796     -3.995560    
  2.921822     -3.994618    
  2.925060     -4.002037    
  2.925086     -4.001773    
  2.925714     -4.120584    
  2.925740     -4.125900    
  2.925879     -4.124056    
  2.925905     -4.118409    
  2.925971     -4.104632    
  2.925997     -4.038148    
  2.927585     -3.991098    
  2.927611     -4.005404    
  2.927702     -4.005763    
  2.927728     -4.006031    
  2.927981     -4.006677    
  2.928007     -4.006447    
  2.928701     -4.008039    
  2.928727     -4.008141    
  2.929157     -4.008924    
  2.929183     -4.008951    
  2.929555     -4.009558    
  2.929581     -4.009623    
  2.929997     -4.010207    
  2.930023     -4.010215    
  2.930276     -4.010628    
  2.930302     -4.010677    
  2.930635     -4.011505    
  2.930661     -4.011587    
  2.930674     -4.011623    
  2.930700     -4.011692    
  2.930993     -4.012511    
  2.931020     -4.012614    
  2.931455     -4.013723    
  2.931481     -4.013080    
  2.932685     -4.022259    
  2.932711     -4.017266    
  2.934676     -4.018089    
  2.934702     -4.018871    
  2.935383     -4.022724    
  2.935409     -4.055612    
  2.936838     -4.109121    
  2.936864     -4.022436    
  2.937442     -4.021047    
  2.937468     -4.024045    
  2.937555     -4.025072    
  2.937581     -4.025740    
  2.939148     -4.028196    
  2.939174     -4.028623    
  2.939362     -4.028873    
  2.939388     -4.029170    
  2.942758     -4.043096    
  2.942785     -4.035296    
  2.943789     -4.037382    
  2.943815     -4.038169    
  2.943844     -4.036967    
  2.944299     -4.050792    
  2.944325     -4.064858    
  2.945296     -4.040693    
  2.945322     -4.040180    
  2.946304     -4.043398    
  2.946330     -4.042865    
  2.946717     -4.043273    
  2.946743     -4.043376    
  2.946776     -4.043431    
  2.946802     -4.043466    
  2.950801     -4.051321    
  2.950827     -4.050863    
  2.951318     -4.052478    
  2.951344     -4.052704    
  2.951741     -4.053992    
  2.951767     -4.054185    
  2.952632     -4.055910    
  2.952658     -4.055601    
  2.953349     -4.055518    
  2.953375     -4.055829    
  2.953780     -4.057550    
  2.953806     -4.057637    
  2.954021     -4.058457    
  2.954047     -4.058518    
  2.954374     -4.059876    
  2.954391     -4.060012    
  2.954417     -4.060375    
  2.954846     -4.061609    
  2.954872     -4.060458    
  2.955769     -4.060474    
  2.955795     -4.060797    
  2.956192     -4.061962    
  2.956218     -4.062089    
  2.956377     -4.062501    
  2.956403     -4.062561    
  2.956852     -4.063336    
  2.956878     -4.063511    
  2.957651     -4.064671    
  2.957677     -4.064740    
  2.957733     -4.064902    
  2.957759     -4.065168    
  2.958652     -4.066750    
  2.958678     -4.066902    
  2.958733     -4.067121    
  2.958753     -4.067215    
  2.958779     -4.067162    
  2.959227     -4.070644    
  2.959253     -4.070977    
  2.959299     -4.071351    
  2.959325     -4.071652    
  2.959550     -4.072667    
  2.959576     -4.072545    
  2.959605     -4.072519    
  2.959622     -4.072494    
  2.959648     -4.072439    
  2.959673     -4.072373    
  2.959699     -4.072272    
  2.959869     -4.071855    
  2.959895     -4.071880    
  2.959946     -4.071917    
  2.959972     -4.072017    
  2.960724     -4.074541    
  2.960751     -4.074182    
  2.961052     -4.072617    
  2.961078     -4.072447    
  2.961152     -4.072182    
  2.961178     -4.073686    
  2.963811     -4.074182    
  2.963837     -3.976971    
  2.965349     -3.926984    
  2.965375     -4.032377    
  2.965604     -4.051089    
  2.965631     -4.006835    
  2.969258     -3.990410    
  2.969284     -4.144088    
  2.969806     -4.232764    
  2.969832     -3.992425    
  2.973371     -3.934260    
  2.973397     -3.947121    
  2.975759     -3.903422    
  2.975785     -3.928647    
  2.976196     -4.013903    
  2.976222     -3.979484    
  2.978818     -3.919820    
  2.981393     -3.943590    
  2.981419     -3.993239    
  2.981911     -4.065709    
  2.981937     -4.071697    
  2.982453     -3.936587    
  2.982479     -3.925257    
  2.982902     -3.909478    
  2.982928     -3.933366    
  2.985851     -3.969079    
  2.988755     -3.938373    
  2.991639     -3.994719    
  2.994504     -3.969020    
  2.997351     -3.980133    
  3.000178     -4.027923    
  3.002988     -4.011068    
  3.005779     -3.996711    
  3.005806     -3.994129    
  3.006660     -3.993907    
  3.006686     -4.008608    
  3.007985     -4.006624    
  3.008011     -4.007056    
  3.008377     -4.024650    
  3.008403     -4.026054    
  3.008422     -4.026779    
  3.008449     -4.013936    
  3.012132     -3.989699    
  3.015785     -4.191213    
  3.019407     -3.952049    
  3.022999     -4.063847    
  3.023025     -4.018166    
  3.024692     -4.025682    
  3.024718     -4.034338    
  3.027002     -4.029787    
  3.027028     -4.025359    
  3.028469     -4.043241    
  3.028496     -4.053114    
  3.028525     -4.054278    
  3.028551     -4.050433    
  3.030734     -4.033929    
  3.032906     -4.074598    
  3.032932     -4.049287    
  3.037051     -4.059635    
  3.041131     -4.094013    
  3.041157     -4.078129    
  3.041192     -4.078933    
  3.041218     -4.082108    
  3.041743     -4.068955    
  3.041769     -4.064266    
  3.044049     -4.086286    
  3.044075     -4.074652    
  3.046448     -4.080877    
  3.046474     -4.079922    
  3.047296     -4.085524    
  3.047322     -4.103725    
  3.051393     -4.093280    
  3.051419     -4.079512    
  3.053164     -4.175352    
  3.053190     -4.082914    
  3.056650     -4.174104    
  3.056676     -4.173325    
  3.057784     -4.089162    
  3.057810     -4.111411    
  3.060993     -4.122507    
  3.064153     -4.134490    
  3.064179     -4.131078    
  3.067832     -4.140843    
  3.067858     -4.139222    
  3.071967     -4.164597    
  3.071993     -4.179221    
  3.074546     -4.154921    
  3.074572     -4.175333    
  3.077401     -4.163311    
  3.080211     -4.167660    
  3.083004     -4.183103    
  3.085779     -4.185923    
  3.085805     -4.189462    
  3.088194     -4.200083    
  3.088220     -4.266601    
  3.091880     -4.195386    
  3.091906     -4.212460    
  3.092972     -4.205121    
  3.092998     -4.205103    
  3.093275     -4.207666    
  3.093301     -4.580900    
  3.095382     -4.826722    
  3.095408     -4.614052    
  3.096210     -4.412566    
  3.096236     -4.420023    
  3.099421     -3.960440    
  3.099447     -4.110593    
  3.099999     -4.109237    
  3.100025     -4.133703    
  3.103059     -4.240227    
  3.106072     -4.254906    
  3.109064     -4.260800    
  3.112036     -4.273121    
  3.112062     -4.272900    
  3.114717     -4.276300    
  3.114743     -4.267445    
  3.114932     -4.268536    
  3.114958     -4.268192    
  3.115849     -4.276519    
  3.115875     -4.277857    
  3.116210     -4.280734    
  3.116236     -4.280392    
  3.116288     -4.280393    
  3.116314     -4.277855    
  3.117008     -4.290610    
  3.117034     -4.298855    
  3.117770     -4.285210    
  3.117796     -4.278720    
  3.118254     -4.278799    
  3.118280     -4.283340    
  3.118920     -4.293160    
  3.118946     -4.285088    
  3.121806     -4.298670    
  3.124647     -4.312987    
  3.124673     -4.327681    
  3.126028     -4.331347    
  3.126054     -4.317692    
  3.127717     -4.306615    
  3.127743     -4.338240    
  3.129255     -4.318719    
  3.129281     -4.301638    
  3.132761     -4.348241    
  3.136213     -4.344202    
  3.136239     -4.319096    
  3.139077     -4.410063    
  3.139103     -4.455913    
  3.141139     -4.589438    
  3.141166     -4.371128    
  3.143607     -4.314559    
  3.143633     -4.369832    
  3.144132     -4.388491    
  3.144158     -4.344779    
  3.146789     -4.400777    
  3.146815     -4.413411    
  3.146918     -4.407323    
  3.146944     -4.395104    
  3.147826     -4.350496    
  3.147852     -4.358561    
  3.148759     -4.424451    
  3.148785     -4.416234    
  3.149778     -4.469867    
  3.149804     -4.387136    
  3.151307     -4.400299    
  3.151333     -4.397196    
  3.152574     -4.414472    
  3.152600     -4.455271    
  3.153099     -4.460701    
  3.153125     -4.456534    
  3.153411     -4.462970    
  3.153437     -4.461405    
  3.153464     -4.460152    
  3.153490     -4.425558    
  3.155047     -4.383138    
  3.155073     -4.425680    
  3.156105     -4.413954    
  3.156131     -4.422498    
  3.159449     -4.399628    
  3.159475     -4.444201    
  3.159789     -4.456992    
  3.159815     -4.410097    
  3.164039     -4.437888    
  3.164065     -4.408633    
  3.164664     -4.448362    
  3.164690     -4.465538    
  3.166009     -4.434077    
  3.166035     -4.421424    
  3.168014     -4.472252    
  3.168040     -4.452555    
  3.171700     -4.463554    
  3.171726     -4.467982    
  3.173608     -4.450789    
  3.173634     -4.444279    
  3.174198     -4.459734    
  3.174224     -4.457203    
  3.178220     -4.459120    
  3.178246     -4.452647    
  3.179496     -4.471836    
  3.179523     -4.464028    
  3.180493     -4.470018    
  3.180519     -4.526186    
  3.181705     -4.481173    
  3.181731     -4.468309    
  3.181840     -4.468570    
  3.181866     -4.468720    
  3.181990     -4.469097    
  3.182017     -4.468088    
  3.184999     -4.475758    
  3.185025     -4.479339    
  3.186118     -4.485005    
  3.186144     -4.483300    
  3.187507     -4.481274    
  3.187524     -4.483774    
  3.187550     -4.484416    
  3.188369     -4.488759    
  3.188395     -4.484849    
  3.189386     -4.507395    
  3.189412     -4.473718    
  3.189917     -4.637065    
  3.189943     -4.604254    
  3.190993     -4.520697    
  3.191019     -4.516343    
  3.191149     -4.502230    
  3.191176     -4.493283    
  3.192254     -4.485139    
  3.192280     -4.451028    
  3.194916     -4.700453    
  3.194942     -4.552277    
  3.196947     -4.478270    
  3.196973     -4.500780    
  3.199833     -4.516115    
  3.199859     -4.514662    
  3.202175     -4.524067    
  3.202201     -4.524318    
  3.203193     -4.530735    
  3.203219     -4.529862    
  3.204704     -4.547279    
  3.204730     -4.537392    
  3.207396     -4.543830    
  3.207422     -4.548873    
  3.209165     -4.549439    
  3.209192     -4.550319    
  3.209905     -4.552886    
  3.209931     -4.552862    
  3.211746     -4.559831    
  3.211772     -4.562031    
  3.213910     -4.569546    
  3.213936     -4.574667    
  3.217562     -4.576472    
  3.217588     -4.574962    
  3.217734     -4.575039    
  3.217760     -4.575046    
  3.218195     -4.577067    
  3.218221     -4.577175    
  3.218359     -4.578264    
  3.218385     -4.617719    
  3.221432     -4.586399    
  3.224458     -4.599919    
  3.224484     -4.599166    
  3.226728     -4.602883    
  3.228960     -4.613705    
  3.231181     -4.619654    
  3.233391     -4.624586    
  3.233417     -4.625826    
  3.235869     -4.635346    
  3.238307     -4.654232    
  3.240731     -4.672337    
  3.243142     -4.656001    
  3.243168     -4.657252    
  3.246203     -4.667557    
  3.249217     -4.676252    
  3.249243     -4.682331    
  3.251269     -4.685703    
  3.251295     -4.681828    
  3.251554     -4.682858    
  3.251580     -4.683336    
  3.254930     -4.694165    
  3.258254     -4.710522    
  3.258280     -4.705978    
  3.261671     -4.717281    
  3.261697     -4.715252    
  3.263492     -4.721597    
  3.263518     -4.723528    
  3.267500     -4.735063    
  3.271446     -4.747989    
  3.271472     -4.748498    
  3.273283     -4.754841    
  3.273309     -4.756727    
  3.276784     -4.772395    
  3.276810     -4.765775    
  3.279737     -4.775836    
  3.279763     -4.776036    
  3.279904     -4.776421    
  3.279930     -4.770048    
  3.281693     -4.799259    
  3.281719     -4.801064    
  3.283569     -4.781521    
  3.283595     -4.789716    
  3.285864     -4.795672    
  3.285890     -4.795735    
  3.288494     -4.804530    
  3.288521     -4.804795    
  3.289058     -4.806414    
  3.289085     -4.807034    
  3.291445     -4.820728    
  3.291471     -4.813806    
  3.292687     -4.818260    
  3.292713     -4.819149    
  3.294701     -4.824778    
  3.294727     -4.825002    
  3.295769     -4.828642    
  3.295795     -4.828772    
  3.295928     -4.829238    
  3.295954     -4.829329    
  3.296323     -4.830598    
  3.296349     -4.830697    
  3.296793     -4.831991    
  3.296819     -4.832108    
  3.299472     -4.840845    
  3.299498     -4.841070    
  3.301162     -4.846718    
  3.301188     -4.846608    
  3.302957     -4.852493    
  3.302983     -4.852616    
  3.305105     -4.859615    
  3.305131     -4.859777    
  3.306016     -4.862569    
  3.306042     -4.862533    
  3.306917     -4.865776    
  3.306943     -4.865887    
  3.309394     -4.874000    
  3.309420     -4.873948    
  3.309880     -4.875777    
  3.309906     -4.875901    
  3.310654     -4.878756    
  3.310680     -4.878723    
  3.311009     -4.879534    
  3.311035     -4.879621    
  3.311357     -4.880735    
  3.311383     -4.880837    
  3.311855     -4.882393    
  3.311881     -4.882468    
  3.312043     -4.882967    
  3.312069     -4.885597    
  3.315866     -4.891586    
  3.319630     -4.895014    
  3.319656     -4.906060    
  3.322697     -4.917718    
  3.325716     -4.925218    
  3.328715     -4.934455    
  3.331694     -4.932864    
  3.334652     -4.955520    
  3.337590     -4.959987    
  3.340508     -4.974953    
  3.343407     -4.983706    
  3.343433     -4.989132    
  3.347340     -4.990766    
  3.351212     -5.010950    
  3.351238     -5.003709    
  3.351711     -5.005230    
  3.351737     -5.005660    
  3.354728     -5.012063    
  3.357698     -5.037120    
  3.360649     -5.035802    
  3.363579     -5.046018    
  3.363605     -5.039566    
  3.365511     -5.073212    
  3.365537     -5.057452    
  3.367465     -5.078724    
  3.367491     -5.095941    
  3.367518     -5.087902    
  3.368345     -5.051090    
  3.368371     -5.061350    
  3.369799     -5.067522    
  3.369825     -5.067249    
  3.371854     -5.074417    
  3.371880     -5.074429    
  3.373656     -5.080183    
  3.373682     -5.080374    
  3.377642     -5.094181    
  3.377668     -5.094378    
  3.379189     -5.099564    
  3.379215     -5.091714    
  3.382117     -5.129424    
  3.382143     -5.117840    
  3.385913     -5.119718    
  3.385939     -5.122959    
  3.389822     -5.136659    
  3.389848     -5.138628    
  3.391164     -5.150830    
  3.391190     -5.141401    
  3.395069     -5.155313    
  3.395095     -5.154773    
  3.397989     -5.164822    
  3.398015     -5.165009    
  3.398446     -5.166436    
  3.398472     -5.166518    
  3.400885     -5.174975    
  3.400911     -5.174935    
  3.402458     -5.180596    
  3.402485     -5.180611    
  3.403625     -5.208036    
  3.403651     -5.191441    
  3.404157     -5.211250    
  3.404183     -5.212305    
  3.406906     -5.193980    
  3.409611     -5.204841    
  3.412300     -5.215374    
  3.414973     -5.224102    
  3.414999     -5.224478    
  3.419305     -5.239560    
  3.419331     -5.239285    
  3.422393     -5.251389    
  3.425434     -5.261118    
  3.428454     -5.272090    
  3.431452     -5.282767    
  3.431479     -5.282636    
  3.434953     -5.295181    
  3.434979     -5.294984    
  3.438935     -5.311983    
  3.442855     -5.334051    
  3.442881     -5.323076    
  3.444964     -5.330797    
  3.444990     -5.330869    
  3.447490     -5.339833    
  3.449964     -5.349908    
  3.449990     -5.349970    
  3.452474     -5.358389    
  3.454944     -5.366820    
  3.454970     -5.371107    
  3.457932     -5.376512    
  3.460873     -5.387677    
  3.463795     -5.400414    
  3.466698     -5.407480    
  3.466724     -5.408892    
  3.467614     -5.411993    
  3.467640     -5.412068    
  3.468776     -5.415277    
  3.468802     -5.415635    
  3.469484     -5.421603    
  3.469510     -5.423112    
  3.469535     -5.423642    
  3.469561     -5.424360    
  3.469873     -5.430506    
  3.469899     -5.431376    
  3.470209     -5.427709    
  3.470235     -5.423008    
  3.471210     -5.423609    
  3.471236     -5.424730    
  3.472958     -5.431718    
  3.472984     -5.431594    
  3.474130     -5.435698    
  3.474156     -5.435689    
  3.477552     -5.448303    
  3.480921     -5.460520    
  3.480947     -5.460774    
  3.483093     -5.467190    
  3.483119     -5.468116    
  3.485987     -5.478757    
  3.486013     -5.478751    
  3.486615     -5.481033    
  3.486641     -5.484558    
  3.490491     -5.503189    
  3.494307     -5.503062    
  3.494333     -5.509145    
  3.498611     -5.523846    
  3.502847     -5.540802    
  3.502873     -5.540217    
  3.503909     -5.544224    
  3.503935     -5.544650    
  3.504049     -5.545387    
  3.504075     -5.545882    
  3.505750     -5.550270    
  3.505776     -5.550982    
  3.505983     -5.551812    
  3.506009     -5.551989    
  3.506922     -5.555315    
  3.506948     -5.555227    
  3.507287     -5.556419    
  3.507313     -5.556083    
  3.511219     -5.588498    
  3.511245     -5.570568    
  3.513248     -5.578541    
  3.513274     -5.578480    
  3.515834     -5.587793    
  3.515860     -5.587941    
  3.515893     -5.588466    
  3.518219     -5.595254    
  3.520533     -5.605291    
  3.522835     -5.613773    
  3.525125     -5.622310    
  3.527403     -5.630341    
  3.529669     -5.642063    
  3.531923     -5.647328    
  3.534166     -5.657154    
  3.534192     -5.671832    
  3.535341     -5.659322    
  3.535367     -5.657160    
  3.539376     -5.672958    
  3.539403     -5.675446    
  3.541647     -5.683945    
  3.543879     -5.691354    
  3.543905     -5.691617    
  3.544530     -5.693852    
  3.544556     -5.693574    
  3.545185     -5.698451    
  3.545211     -5.699303    
  3.545491     -5.701924    
  3.545517     -5.701346    
  3.548458     -5.707262    
  3.548484     -5.708619    
  3.550178     -5.714793    
  3.550205     -5.714954    
  3.552184     -5.722388    
  3.552210     -5.722505    
  3.553416     -5.726959    
  3.553442     -5.727052    
  3.553493     -5.727239    
  3.553519     -5.727325    
  3.555658     -5.735348    
  3.555684     -5.736191    
  3.556758     -5.742202    
  3.556785     -5.739226    
  3.557726     -5.742725    
  3.557752     -5.743154    
  3.558877     -5.747260    
  3.558903     -5.747402    
  3.559141     -5.748288    
  3.559167     -5.748383    
  3.559322     -5.748924    
  3.559348     -5.748897    
  3.560882     -5.754784    
  3.560908     -5.754847    
  3.561003     -5.755192    
  3.561024     -5.755266    
  3.561050     -5.755357    
  3.561076     -5.755450    
  3.561161     -5.755751    
  3.561188     -5.755841    
  3.561399     -5.756576    
  3.561425     -5.756669    
  3.561492     -5.756911    
  3.561518     -5.757002    
  3.561733     -5.757822    
  3.561759     -5.757929    
  3.561929     -5.758610    
  3.561955     -5.758727    
  3.562293     -5.760029    
  3.565712     -5.772577    
  3.565738     -5.756054    
  3.568684     -5.734699    
  3.568710     -5.749031    
  3.572276     -5.784586    
  3.572302     -5.775714    
  3.575184     -5.783109    
  3.578046     -5.792091    
  3.580890     -5.803053    
  3.583716     -5.800520    
  3.583742     -5.828611    
  3.586195     -5.799661    
  3.588634     -5.835903    
  3.591060     -5.830744    
  3.593472     -5.850726    
  3.595871     -5.840281    
  3.598257     -5.860044    
  3.600630     -5.856345    
  3.602990     -5.881165    
  3.603016     -5.902596    
  3.606561     -5.874302    
  3.610077     -5.906460    
  3.610103     -5.895727    
  3.614107     -5.904396    
  3.618075     -5.962491    
  3.618101     -5.916590    
  3.619098     -5.931430    
  3.619124     -5.928981    
  3.620549     -5.933940    
  3.620575     -5.934202    
  3.621884     -5.938914    
  3.621910     -5.939053    
  3.623350     -5.944428    
  3.623376     -5.944433    
  3.625657     -5.949508    
  3.627926     -5.980131    
  3.627952     -5.965576    
  3.630143     -5.967805    
  3.630428     -5.970562    
  3.632323     -5.977575    
  3.632349     -5.977653    
  3.634351     -5.985032    
  3.634377     -5.985133    
  3.637591     -5.997025    
  3.637617     -5.997076    
  3.640932     -6.027738    
  3.644221     -6.017303    
  3.644248     -6.022011    
  3.646952     -6.031290    
  3.649641     -6.041769    
  3.652313     -6.051697    
  3.654968     -6.061952    
  3.654994     -6.061792    
  3.656771     -6.068912    
  3.656798     -6.070230    
  3.659416     -6.077197    
  3.659442     -6.082049    
  3.663645     -6.098894    
  3.663672     -6.093879    
  3.666918     -6.105803    
  3.670140     -6.117844    
  3.670166     -6.117923    
  3.673528     -6.129436    
  3.673554     -6.126950    
  3.676435     -6.148909    
  3.679298     -6.151994    
  3.682141     -6.162484    
  3.684966     -6.173999    
  3.684992     -6.175928    
  3.685363     -6.176420    
  3.685390     -6.176049    
  3.685421     -6.174958    
  3.687761     -6.183547    
  3.687787     -6.183676    
  3.688738     -6.187255    
  3.688764     -6.187353    
  3.688892     -6.187817    
  3.688918     -6.183271    
  3.690761     -6.206115    
  3.690787     -6.251341    
  3.691489     -6.289218    
  3.691515     -6.200607    
  3.694842     -6.207935    
  3.694868     -6.209964    
  3.695395     -6.212036    
  3.695421     -6.212166    
  3.695548     -6.212682    
  3.695574     -6.212440    
  3.699531     -6.227650    
  3.703451     -6.242324    
  3.707337     -6.256845    
  3.711188     -6.271300    
  3.711214     -6.271386    
  3.712650     -6.276845    
  3.713266     -6.279110    
  3.713292     -6.279253    
  3.715965     -6.289294    
  3.718622     -6.299250    
  3.718648     -6.299353    
  3.719507     -6.302589    
  3.719533     -6.302685    
  3.719809     -6.303751    
  3.719835     -6.303877    
  3.720772     -6.307390    
  3.720798     -6.307494    
  3.721949     -6.311757    
  3.721976     -6.312101    
  3.726014     -6.326584    
  3.726040     -6.326369    
  3.729224     -6.339513    
  3.729250     -6.339243    
  3.730799     -6.345103    
  3.730825     -6.345413    
  3.733074     -6.353923    
  3.733100     -6.353778    
  3.736642     -6.374229    
  3.740157     -6.379263    
  3.740183     -6.380526    
  3.740658     -6.382311    
  3.740684     -6.382260    
  3.742813     -6.390422    
  3.742839     -6.390581    
  3.743010     -6.391222    
  3.743036     -6.391373    
  3.745487     -6.400374    
  3.747926     -6.409765    
  3.747952     -6.409817    
  3.748402     -6.411514    
  3.748428     -6.411627    
  3.750148     -6.418146    
  3.750174     -6.418424    
  3.751807     -6.424028    
  3.751825     -6.423680    
  3.751851     -6.423664    
  3.752945     -6.428973    
  3.752971     -6.428811    
  3.753218     -6.429567    
  3.753244     -6.429633    
  3.753912     -6.432459    
  3.753938     -6.432480    
  3.754688     -6.435316    
  3.754715     -6.435429    
  3.755025     -6.436612    
  3.755051     -6.436710    
  3.755248     -6.437455    
  3.755274     -6.437553    
  3.755553     -6.438612    
  3.755579     -6.438717    
  3.758844     -6.451106    
  3.758870     -6.450878    
  3.762813     -6.463696    
  3.766720     -6.477865    
  3.770592     -6.492595    
  3.774430     -6.513027    
  3.774456     -6.508002    
  3.777991     -6.524421    
  3.778017     -6.523577    
  3.778151     -6.523028    
  3.781504     -6.537380    
  3.781530     -6.535512    
  3.785355     -6.551413    
  3.789147     -6.565391    
  3.792906     -6.579558    
  3.796633     -6.593806    
  3.796659     -6.590227    
  3.799528     -6.606842    
  3.802378     -6.614053    
  3.802405     -6.614452    
  3.802753     -6.615739    
  3.802779     -6.615368    
  3.804109     -6.622064    
  3.804136     -6.630298    
  3.805742     -6.625421    
  3.805768     -6.627069    
  3.806039     -6.628407    
  3.806065     -6.628573    
  3.806646     -6.630702    
  3.806672     -6.630787    
  3.807576     -6.634231    
  3.807602     -6.634315    
  3.808354     -6.637228    
  3.808380     -6.637224    
  3.809479     -6.642204    
  3.809505     -6.642239    
  3.809846     -6.643070    
  3.809872     -6.642755    
  3.810525     -6.646737    
  3.810551     -6.649768    
  3.811407     -6.660228    
  3.811433     -6.654470    
  3.811548     -6.651649    
  3.811574     -6.651175    
  3.811599     -6.650748    
  3.811625     -6.649280    
  3.812345     -6.651863    
  3.812371     -6.652566    
  3.814695     -6.661406    
  3.817007     -6.668677    
  3.819307     -6.674541    
  3.821595     -6.744752    
  3.821621     -6.720713    
  3.823807     -6.688344    
  3.825982     -6.703569    
  3.830301     -6.725971    
  3.830327     -6.720989    
  3.834271     -6.736424    
  3.838180     -6.751425    
  3.838207     -6.751493    
  3.840521     -6.758558    
  3.842823     -6.778665    
  3.842849     -6.781267    
  3.843871     -6.767718    
  3.843897     -6.773171    
  3.846695     -6.784215    
  3.849474     -6.795120    
  3.852236     -6.805145    
  3.854980     -6.816278    
  3.857707     -6.824835    
  3.860418     -6.844449    
  3.863111     -6.845431    
  3.865788     -6.857727    
  3.865814     -6.857812    
  3.866065     -6.858745    
  3.866091     -6.858650    
  3.868658     -6.868845    
  3.871210     -6.878647    
  3.871236     -6.878728    
  3.873921     -6.889065    
  3.876589     -6.899441    
  3.879242     -6.909669    
  3.881878     -6.919505    
  3.884498     -6.937384    
  3.887102     -6.937656    
  3.889691     -6.948601    
  3.892265     -6.960680    
  3.892291     -6.960021    
  3.894417     -6.968388    
  3.894443     -6.968485    
  3.895163     -6.971306    
  3.895189     -6.971492    
  3.898690     -6.984789    
  3.898716     -6.985009    
  3.900445     -6.991655    
  3.900462     -6.991716    
  3.900488     -6.991788    
  3.901329     -6.995131    
  3.901356     -6.995355    
  3.902300     -6.998903    
  3.902326     -6.999019    
  3.903658     -7.004191    
  3.903684     -7.004284    
  3.904238     -7.006417    
  3.904264     -7.006535    
  3.905995     -7.013032    
  3.906021     -7.013312    
  3.906888     -7.016676    
  3.906914     -7.016788    
  3.907705     -7.019788    
  3.907731     -7.019919    
  3.908373     -7.022258    
  3.908399     -7.021678    
  3.910755     -7.031657    
  3.913098     -7.040782    
  3.913124     -7.040862    
  3.913216     -7.041213    
  3.913243     -7.041313    
  3.913438     -7.042067    
  3.913465     -7.042168    
  3.913800     -7.043455    
  3.913826     -7.043554    
  3.913915     -7.043898    
  3.913941     -7.043999    
  3.914112     -7.044666    
  3.914138     -7.044788    
  3.916945     -7.055713    
  3.916971     -7.051485    
  3.920612     -7.067740    
  3.924221     -7.076159    
  3.927801     -7.095024    
  3.931352     -7.108056    
  3.931378     -7.107832    
  3.935116     -7.121522    
  3.938821     -7.135720    
  3.938847     -7.140092    
  3.941053     -7.142453    
  3.943248     -7.153433    
  3.945432     -7.162221    
  3.947605     -7.167931    
  3.951918     -7.189160    
  3.956189     -7.199070    
  3.956215     -7.196775    
  3.959412     -7.221192    
  3.962586     -7.224254    
  3.965737     -7.237783    
  3.968865     -7.249945    
  3.968891     -7.262527    
  3.972582     -7.261640    
  3.976241     -7.283834    
  3.979870     -7.292247    
  3.983469     -7.306593    
  3.983495     -7.323670    
  3.985959     -7.314696    
  3.988409     -7.325662    
  3.990846     -7.335142    
  3.993269     -7.344563    
  3.993295     -7.348298    
  3.997502     -7.360131    
  4.001668     -7.377052    
  4.005795     -7.397956    
  4.009884     -7.414107    
  4.013934     -7.422674    
  4.017946     -7.440289    
  4.021922     -7.458565    
  4.025862     -7.468965    
  4.025888     -7.471199    
  4.028135     -7.479932    
  4.030369     -7.488739    
  4.032592     -7.497416    
  4.034804     -7.505998    
  4.034830     -7.506072    
  4.038396     -7.520001    
  4.038422     -7.520049    
  4.039117     -7.523319    
  4.039143     -7.523041    
  4.042356     -7.535296    
  4.042382     -7.551030    
  4.044890     -7.545282    
  4.047383     -7.554881    
  4.047409     -7.554961    
  4.047809     -7.556460    
  4.047835     -7.556574    
  4.047865     -7.556812    
  4.051139     -7.569545    
  4.054389     -7.581666    
  4.057614     -7.594246    
  4.060816     -7.606855    
  4.063994     -7.619182    
  4.067150     -7.629093    
  4.070282     -7.651381    
  4.073392     -7.656759    
  4.073418     -7.655970    
  4.076164     -7.666835    
  4.078892     -7.675717    
  4.081603     -7.688177    
  4.084297     -7.698454    
  4.084323     -7.699451    
  4.087228     -7.710426    
  4.090114     -7.721387    
  4.092980     -7.732376    
  4.095828     -7.743282    
  4.098657     -7.755379    
  4.101468     -7.765299    
  4.104261     -7.776928    
  4.107036     -7.787139    
  4.109793     -7.794832    
  4.112533     -7.818873    
  4.115256     -7.820268    
  4.117962     -7.829373    
  4.120651     -7.840195    
  4.123323     -7.852676    
  4.125979     -7.860909    
  4.128620     -7.871763    
  4.128646     -7.871841    
  4.131400     -7.883225    
  4.134137     -7.893845    
  4.136856     -7.904018    
  4.139559     -7.914621    
  4.142245     -7.924613    
  4.144915     -7.937295    
  4.147568     -7.946209    
  4.150205     -7.956511    
  4.150231     -7.956684    
  4.153104     -7.967900    
  4.155957     -7.979130    
  4.155983     -7.979235    
  4.156244     -7.980258    
  4.156270     -7.979214    
  4.158947     -7.993781    
  4.158973     -7.992459    
  4.161758     -8.000798    
  4.161784     -8.002100    
  4.163410     -8.008452    
  4.163436     -8.008595    
  4.163793     -8.010010    
  4.163819     -8.010112    
  4.163989     -8.010788    
  4.164015     -8.010951    
  4.168129     -8.026346    
  4.172204     -8.042611    
  4.176241     -8.058257    
  4.180241     -8.072552    
  4.184204     -8.089816    
  4.188131     -8.105258    
  4.192024     -8.120491    
  4.195882     -8.134459    
  4.195908     -8.137156    
  4.199596     -8.151137    
  4.203253     -8.163741    
  4.206879     -8.178804    
  4.210475     -8.193862    
  4.214042     -8.206384    
  4.217580     -8.221023    
  4.221089     -8.234912    
  4.224570     -8.248577    
  4.228024     -8.262434    
  4.231450     -8.277129    
  4.234849     -8.288918    
  4.238222     -8.302145    
  4.241569     -8.314514    
  4.244890     -8.330800    
  4.248187     -8.341714    
  4.251458     -8.354498    
  4.251484     -8.355372    
  4.255470     -8.370341    
  4.259419     -8.386056    
  4.259445     -8.386163    
  4.261746     -8.395222    
  4.261772     -8.396996    
  4.265747     -8.412535    
  4.265773     -8.411238    
  4.266098     -8.412372    
  4.266124     -8.412526    
  4.269803     -8.427180    
  4.273452     -8.442143    
  4.277070     -8.451471    
  4.280658     -8.470363    
  4.284217     -8.484189    
  4.287747     -8.498132    
  4.291249     -8.512820    
  4.294722     -8.527478    
  4.294748     -8.525935    
  4.297714     -8.537687    
  4.300661     -8.549299    
  4.303587     -8.561028    
  4.306494     -8.572463    
  4.309381     -8.583958    
  4.312250     -8.595845    
  4.315099     -8.606587    
  4.317931     -8.618160    
  4.320743     -8.629123    
  4.323538     -8.640470    
  4.326314     -8.651310    
  4.329073     -8.662115    
  4.331815     -8.673008    
  4.334540     -8.683732    
  4.337247     -8.694225    
  4.339938     -8.706513    
  4.339964     -8.707556    
  4.343714     -8.718794    
  4.347431     -8.734722    
  4.347457     -8.734642    
  4.350370     -8.746820    
  4.353264     -8.757987    
  4.353290     -8.758097    
  4.353671     -8.759602    
  4.353698     -8.759679    
  4.356104     -8.769285    
  4.356130     -8.769492    
  4.357295     -8.773911    
  4.357321     -8.774079    
  4.357613     -8.775251    
  4.357639     -8.775353    
  4.357809     -8.776040    
  4.357835     -8.776831    
  4.360667     -8.787296    
  4.363481     -8.797885    
  4.366277     -8.808813    
  4.369055     -8.820599    
  4.371816     -8.830975    
  4.374559     -8.842645    
  4.377285     -8.852309    
  4.379993     -8.863955    
  4.382685     -8.873948    
  4.385361     -8.885210    
  4.388020     -8.895529    
  4.390662     -8.906413    
  4.393289     -8.916902    
  4.395900     -8.927461    
  4.398496     -8.937179    
  4.401076     -8.948204    
  4.403640     -8.957163    
  4.406190     -8.968499    
  4.408725     -8.977462    
  4.411245     -8.987278    
  4.413751     -8.998926    
  4.416242     -9.007703    
  4.418719     -9.017408    
  4.421182     -9.029600    
  4.423631     -9.032144    
  4.426066     -9.046290    
  4.428488     -9.056364    
  4.430896     -9.067235    
  4.433291     -9.075164    
  4.435673     -9.085744    
  4.438042     -9.094415    
  4.440398     -9.103848    
  4.440424     -9.103909    
  4.442884     -9.113059    
  4.445331     -9.125155    
  4.447764     -9.133129    
  4.450183     -9.142651    
  4.452589     -9.153188    
  4.454981     -9.155136    
  4.457361     -9.171569    
  4.459727     -9.180863    
  4.462081     -9.191744    
  4.464422     -9.199713    
  4.466750     -9.208719    
  4.469066     -9.218222    
  4.471370     -9.227359    
  4.473662     -9.237036    
  4.475941     -9.245462    
  4.478209     -9.254465    
  4.512967     -9.393307    
  4.512994     -9.393973    
  4.514640     -9.400616    
  4.514666     -9.400711    
  4.515975     -9.405932    
  4.516001     -9.406037    
  4.516171     -9.406708    
  4.516198     -9.408246    
  4.585499     -9.686446    
  4.585525     -9.684314    
  4.648519     -9.937487    
  4.648545     -9.936668    
  4.649578     -9.941310    
  4.649604     -9.941385    
  4.649869     -9.942431    
  4.649895     -9.942531    
  4.650065     -9.943204    
  4.650091     -9.943354    
  4.709795     -10.18227    
  4.709821     -10.18413    
  4.765784     -10.40730    
  4.765810     -10.40727    
  4.765853     -10.40744    
  4.765875     -10.40753    
  4.765901     -10.40764    
  4.766049     -10.40823    
  4.766075     -10.40894    
  4.818511     -10.61957    
  4.818536     -10.61816    
  4.868125     -10.81375    
  4.868151     -10.81669    
  4.868182     -10.81682    
  4.868208     -10.81693    
  4.868354     -10.81751    
  4.868380     -10.81365    
  4.915120     -11.00734    
  4.915146     -11.00566    
  4.959480     -11.18331    
  4.959506     -11.18276    
  4.959673     -11.18341    
  4.959697     -11.18351    
  4.959723     -11.18361    
  4.959869     -11.18419    
  4.959895     -11.18626    
  5.002051     -11.34549    
  5.002077     -11.35404    
  5.042016     -11.51433    
  5.042042     -11.51382    
  5.042458     -11.51547    
  5.042484     -11.51558    
  5.042511     -11.51569    
  5.042654     -11.51627    
  5.042681     -11.51650    
  5.081068     -11.67030    
  5.081094     -11.66870    
  5.117599     -11.81567    
  5.117625     -11.81639    
  5.118035     -11.81803    
  5.118061     -11.81813    
  5.118087     -11.81823    
  5.118232     -11.81882    
  5.118258     -11.81479    
  5.153493     -11.96200    
  5.153519     -11.96027    
  5.187234     -12.09545    
  5.187260     -12.09501    
  5.187559     -12.09624    
  5.187585     -12.09633    
  5.187614     -12.09645    
  5.187756     -12.09702    
  5.187782     -12.09819    
  5.251210     -12.35250    
  5.251236     -12.35047    
  5.251962     -12.35394    
  5.251988     -12.35395    
  5.252125     -12.35449    
  5.252151     -12.35551    
  5.311781     -12.59304    
  5.311807     -12.59276    
  5.311888     -12.59308    
  5.311914     -12.59317    
  5.312051     -12.59371    
  5.312078     -12.59490    
  5.368109     -12.81791    
  5.368135     -12.81761    
  5.420767     -13.02678    
  5.420793     -13.02634    
  5.470414     -13.22244    
  5.470440     -13.22220    
  5.517376     -13.40812    
  5.517402     -13.40808    
  5.561929     -13.58296    
  5.561955     -13.58281    
  5.604308     -13.74469    
  5.604334     -13.74769    
  5.644714     -13.90558    
  5.644741     -13.93308    
  6.106841     -15.81149    
  6.325622     -16.41115    
  6.578837     -17.22082    
  6.853829     -18.00111    
  7.141230     -18.74230    
  7.435282     -19.47726    
  7.732780     -20.24721    
  8.032034     -21.06514    
  8.332173     -21.90842    
  8.632756     -22.77267    
  8.933563    -100.00000    
