 0.6915830     -125.8684    
 0.6916091     -125.8684    
 0.6950408     -125.8754    
 0.6950669     -126.2565    
 0.6981765     -125.3521    
 0.6982026     -125.2773    
 0.6989700    -100.00000    
 0.7265526    -100.00000    
 0.7524875     -112.7352    
 0.7525136     -112.3092    
 0.7562684     -111.7234    
 0.7562944    -100.00000    
 0.7903624    -100.00000    
 0.8219512     -101.1585    
 0.8219773     -100.7002    
 0.8256871     -100.3278    
 0.8257132     -100.3420    
 0.8270964     -100.1299    
 0.8271225     -100.1311    
 0.8287464     -99.85668    
 0.8287724    -100.00000    
 0.8615415    -100.00000    
 0.8920105    -100.00000    
 0.9204814    -100.00000    
 0.9472000     -84.29774    
 0.9472261    -100.00000    
 0.9610684     -81.81698    
 0.9610945    -100.00000    
 0.9737423     -80.37015    
 0.9737684     -80.22237    
 0.9757254     -80.04300    
 0.9757515     -80.35480    
 0.9780505     -79.59481    
 0.9780766    -100.00000    
  1.002006    -100.00000    
  1.024685    -100.00000    
  1.066772    -100.00000    
  1.105139    -100.00000    
  1.140390    -100.00000    
  1.172993    -100.00000    
  1.203318    -100.00000    
  1.231664     -62.81903    
  1.258272     -61.04249    
  1.258298     -59.53513    
  1.281083     -58.31100    
  1.281109     -48.03009    
  1.305160     -47.07602    
  1.305186    -100.00000    
  1.326915     -38.94812    
  1.326941     -39.05724    
  1.346694     -38.36609    
  1.346720     -38.40128    
  1.362546     -37.96910    
  1.362572     -38.21713    
  1.390897     -37.38330    
  1.390924     -37.49290    
  1.416635     -36.02351    
  1.416661    -100.00000    
  1.443021     -33.90249    
  1.443047    -100.00000    
  1.465962     -31.02761    
  1.465988    -100.00000    
  1.485873     -28.32928    
  1.485899    -100.00000    
  1.499967     -26.55473    
  1.499993     -26.29081    
  1.524019    -100.00000    
  1.546785     -29.45473    
  1.546812     -29.12385    
  1.576132     -28.37832    
  1.576158     -28.42948    
  1.604777     -28.10839    
  1.604803     -18.23784    
  1.629435    -100.00000    
  1.629461     -20.36787    
  1.655483    -100.00000    
  1.680033    -100.00000    
  1.703270     -27.10062    
  1.725326     -25.62240    
  1.725352     -25.54284    
  1.731789     -25.20105    
  1.731815    -100.00000    
  1.759985    -100.00000    
  1.786439     -22.21268    
  1.786465    -100.00000    
  1.816267    -100.00000    
  1.844155     -19.25153    
  1.844181    -100.00000    
  1.873455     -17.93501    
  1.873481    -100.00000    
  1.905852     -16.62154    
  1.905878     -16.50561    
  1.913985     -16.18362    
  1.914011     -16.25076    
  1.926739     -15.72865    
  1.926765     -15.69636    
  1.927492     -15.67004    
  1.927518    -100.00000    
  1.953099     -14.86073    
  1.953125    -100.00000    
  1.992547     -13.63194    
  1.992573     -13.48470    
  1.994242     -13.43176    
  1.994268     -13.43162    
  1.996583     -13.35825    
  1.996609     -13.36083    
  1.997969     -13.29486    
  1.997995     -13.22303    
  2.007452     -12.85490    
  2.007478     -12.85507    
  2.018315     -12.52380    
  2.018341     -12.47747    
  2.028139     -12.24406    
  2.028165     -12.35346    
  2.036834     -12.02379    
  2.036860     -12.14020    
  2.054806     -11.07241    
  2.054832     -10.95174    
  2.061074     -10.83176    
  2.061100     -11.29081    
  2.077560     -10.39452    
  2.077586     -10.11243    
  2.096009     -10.06920    
  2.096035     -10.44327    
  2.097335     -9.811245    
  2.097361     -9.712193    
  2.101549     -9.461809    
  2.101575     -9.487019    
  2.102614     -9.560781    
  2.102640     -9.449841    
  2.105856     -9.522880    
  2.105882     -9.615312    
  2.106131     -9.664922    
  2.106157     -9.903480    
  2.111538     -9.491279    
  2.111564     -9.440824    
  2.111972     -9.368425    
  2.111998     -9.146315    
  2.119253     -9.696101    
  2.119279     -9.650327    
  2.124259     -9.279700    
  2.124285     -9.367238    
  2.127003     -9.420645    
  2.127029     -9.579694    
  2.127689     -9.713504    
  2.127715     -9.272263    
  2.137516     -9.612595    
  2.137543     -9.152356    
  2.138167     -9.201161    
  2.138193     -9.464319    
  2.149401     -9.312389    
  2.149427     -8.982146    
  2.150323     -9.056922    
  2.150349     -9.052343    
  2.150451     -9.055109    
  2.150478     -9.147721    
  2.156771     -8.775076    
  2.156797     -8.931649    
  2.158990     -8.811357    
  2.159016     -9.040032    
  2.168085     -8.485350    
  2.168111     -8.582486    
  2.177634     -8.293367    
  2.177660     -8.208517    
  2.181761     -9.852721    
  2.181787    -100.00000    
  2.188475     -7.884498    
  2.188501     -8.696730    
  2.202392     -7.750920    
  2.202418     -7.801163    
  2.204200     -7.616930    
  2.204226     -7.600850    
  2.209967     -8.000728    
  2.209993     -7.695571    
  2.217868     -7.716513    
  2.217894     -7.796488    
  2.217973     -7.800012    
  2.217999     -7.797904    
  2.218346     -7.786391    
  2.218372     -7.796450    
  2.218718     -7.757258    
  2.218745     -7.785046    
  2.225651     -7.752607    
  2.232450     -7.774672    
  2.232476     -7.587517    
  2.234725     -7.471940    
  2.234751     -7.790050    
  2.239647     -7.806568    
  2.239673     -7.282306    
  2.242461     -7.773803    
  2.242487     -7.605651    
  2.243634     -7.342373    
  2.243660     -7.480977    
  2.245376     -7.404024    
  2.245402     -7.484302    
  2.250751     -7.870599    
  2.250777     -7.845152    
  2.253726     -7.144410    
  2.253752     -7.093514    
  2.257114     -7.570100    
  2.260450     -7.830915    
  2.263761     -7.316400    
  2.267047     -7.104335    
  2.267073     -7.031790    
  2.270520     -7.097553    
  2.270546     -7.136189    
  2.271659     -7.139951    
  2.271685     -7.119119    
  2.271838     -7.103579    
  2.271864     -7.267803    
  2.273764     -8.037489    
  2.273790     -7.508612    
  2.275848     -7.132752    
  2.275875     -7.048456    
  2.278055     -6.929307    
  2.278081     -7.004062    
  2.280272     -6.942469    
  2.280298     -7.100328    
  2.283835     -7.292595    
  2.283861     -7.123651    
  2.285263     -7.142782    
  2.285289    -100.00000    
  2.286319     -7.568738    
  2.286345     -7.544283    
  2.286816     -7.320233    
  2.286843     -7.323821    
  2.289444     -6.714337    
  2.292031     -6.955641    
  2.294602     -7.602604    
  2.297158     -6.821373    
  2.297184     -6.789311    
  2.298013     -6.618402    
  2.298039     -6.564772    
  2.299510     -6.608553    
  2.299536     -6.776753    
  2.301188     -6.829154    
  2.302835     -6.859512    
  2.304475     -6.916528    
  2.306109     -6.801184    
  2.306135     -6.786793    
  2.307390     -6.835631    
  2.308642     -6.636535    
  2.308668     -6.564979    
  2.310145     -6.623564    
  2.311618     -6.586092    
  2.313085     -6.704491    
  2.314548     -6.436072    
  2.314574     -6.389653    
  2.315022     -6.542124    
  2.315048     -6.577297    
  2.315628     -6.643183    
  2.315654     -6.505092    
  2.316640     -7.446239    
  2.317624     -7.124331    
  2.317650     -7.129257    
  2.318472     -6.856171    
  2.318499     -6.797419    
  2.319125     -6.835444    
  2.319151     -6.761447    
  2.320138     -6.608851    
  2.321123     -6.960092    
  2.322105     -6.718389    
  2.323085     -6.600632    
  2.323111     -6.562032    
  2.324238     -6.336475    
  2.324264     -6.320945    
  2.325142     -6.228740    
  2.326019     -6.169015    
  2.326894     -6.172974    
  2.327767     -6.199898    
  2.327793     -6.225803    
  2.328784     -6.323570    
  2.329773     -6.333185    
  2.330760     -6.849012    
  2.331745     -6.666392    
  2.331771     -6.617165    
  2.332451     -6.321243    
  2.333131     -6.926187    
  2.333157     -6.669679    
  2.333940     -6.556643    
  2.334721     -6.375957    
  2.334747     -6.353645    
  2.335758     -6.200467    
  2.336767     -6.071843    
  2.337773     -5.996853    
  2.338777     -6.134714    
  2.338803     -6.194206    
  2.339391     -6.232467    
  2.339977     -6.165619    
  2.340563     -6.212109    
  2.341149     -6.246369    
  2.341175     -6.252483    
  2.341313     -6.269163    
  2.341339     -6.272602    
  2.341416     -6.281348    
  2.341442     -6.294510    
  2.341995     -6.288607    
  2.342548     -6.250141    
  2.342574     -6.259984    
  2.343152     -6.231989    
  2.343730     -6.193791    
  2.344307     -6.199712    
  2.344884     -6.322002    
  2.344910     -6.363354    
  2.345914     -6.487336    
  2.346415     -6.420820    
  2.346916     -6.333097    
  2.347416     -6.169937    
  2.347915     -6.156698    
  2.348414     -6.160025    
  2.348912     -6.150138    
  2.348938     -6.156224    
  2.349663     -6.172989    
  2.350387     -6.200593    
  2.350413     -6.219949    
  2.351174     -6.192495    
  2.351935     -6.123846    
  2.352694     -6.130549    
  2.353452     -6.139091    
  2.353478     -6.125432    
  2.354014     -6.109595    
  2.354040     -6.100797    
  2.354826     -6.063938    
  2.355610     -6.047487    
  2.356393     -5.927658    
  2.357175     -5.831347    
  2.357201     -5.855225    
  2.357613     -5.866146    
  2.357639     -5.860659    
  2.360689     -5.760367    
  2.360715     -5.715992    
  2.361482     -5.755419    
  2.361508     -5.799992    
  2.370561     -5.732119    
  2.370587     -5.610210    
  2.372143     -5.343795    
  2.372169     -5.372789    
  2.373576     -5.266055    
  2.373602     -5.191298    
  2.376732     -5.682836    
  2.376758     -6.306418    
  2.381432     -5.361557    
  2.381458     -5.184742    
  2.381604     -5.148418    
  2.381630     -5.153653    
  2.382020     -5.009529    
  2.382046     -4.650777    
  2.384696     -4.979198    
  2.384723     -4.536458    
  2.387156    -100.00000    
  2.387182     -5.551578    
  2.387250     -5.510707    
  2.387276     -4.824290    
  2.397757     -4.900230    
  2.397783     -4.733236    
  2.403737     -4.183205    
  2.403763     -4.590075    
  2.405849     -4.292837    
  2.405875     -4.451401    
  2.406950     -4.409504    
  2.406976     -4.368363    
  2.409375     -5.024089    
  2.409401     -6.105482    
  2.409997     -5.428203    
  2.410023     -5.550516    
  2.411532     -4.493056    
  2.411558     -4.630249    
  2.413129     -4.359286    
  2.413155     -4.888080    
  2.414139     -4.075972    
  2.414165     -3.813204    
  2.414800     -4.205934    
  2.414826     -4.240298    
  2.417258     -3.987084    
  2.417284     -4.169993    
  2.417479     -4.236256    
  2.417505     -4.168833    
  2.419934     -4.294594    
  2.419960     -4.165398    
  2.429044     -4.150772    
  2.429070     -4.345914    
  2.429812     -4.232558    
  2.429838     -4.261654    
  2.429941     -4.235543    
  2.429968     -4.255517    
  2.433545     -4.100965    
  2.433571     -4.075490    
  2.434793     -4.303017    
  2.434819     -4.603583    
  2.435600     -4.283296    
  2.435626     -4.240552    
  2.438130     -4.192060    
  2.438156     -3.879140    
  2.438775     -4.053804    
  2.438801     -4.155780    
  2.441117     -3.845490    
  2.441143     -3.983614    
  2.441622     -4.056364    
  2.441648     -4.043054    
  2.443145     -3.918596    
  2.443172     -3.839135    
  2.446855     -4.382418    
  2.446881    -100.00000    
  2.448077     -4.331568    
  2.448103     -4.330078    
  2.449403     -4.439715    
  2.449429     -4.164043    
  2.454802     -3.863515    
  2.454828     -3.954083    
  2.455220     -3.925375    
  2.455246     -3.939059    
  2.455715     -3.808697    
  2.455741     -3.800352    
  2.456057     -3.843268    
  2.456083     -3.826487    
  2.457136     -4.300147    
  2.457162     -4.073748    
  2.460232     -3.999271    
  2.460258     -4.045884    
  2.460625     -3.977764    
  2.460651     -3.932458    
  2.461200     -3.938398    
  2.461226     -3.982874    
  2.461623     -4.062095    
  2.461649     -4.034466    
  2.465081     -4.054281    
  2.465107     -4.289423    
  2.466316     -4.562537    
  2.466342     -4.491459    
  2.467007     -4.362641    
  2.467033     -4.254852    
  2.469850     -4.650461    
  2.469876     -4.343292    
  2.470870     -4.269276    
  2.470896     -4.290280    
  2.471160     -4.272990    
  2.471186     -4.271661    
  2.471286     -4.262146    
  2.471312     -4.246197    
  2.471592     -4.281023    
  2.471618     -4.254055    
  2.471859     -4.220739    
  2.471885     -4.195363    
  2.473938     -4.180520    
  2.473964     -4.265706    
  2.476473     -4.010300    
  2.476499     -3.904240    
  2.476658     -3.833368    
  2.476684     -3.809964    
  2.477008     -3.697039    
  2.477034     -4.201904    
  2.479576     -3.734138    
  2.479602     -3.750992    
  2.483495    -100.00000    
  2.483521     -4.901309    
  2.483855     -4.723290    
  2.483881     -4.682922    
  2.484161     -4.518395    
  2.484187     -4.504667    
  2.484225     -4.484961    
  2.484298     -4.444160    
  2.484324     -4.431235    
  2.484548     -4.327855    
  2.484574     -4.280950    
  2.487068     -3.745108    
  2.487094     -3.692517    
  2.490987     -3.802780    
  2.491013     -3.728480    
  2.491430     -3.922022    
  2.491456     -4.254454    
  2.493829     -3.897316    
  2.493855     -4.343136    
  2.494479     -4.020744    
  2.494505     -4.085446    
  2.496138     -3.942503    
  2.496164     -3.910056    
  2.497264     -3.837260    
  2.497290     -3.867756    
  2.497709     -3.914576    
  2.497735     -3.920763    
  2.498054     -3.958555    
  2.498080     -3.951094    
  2.501933     -3.678428    
  2.501959     -3.781280    
  2.503950     -3.908506    
  2.503976     -3.822946    
  2.504100     -3.814672    
  2.504126     -3.772650    
  2.506222     -3.762601    
  2.506248     -3.761362    
  2.506887     -3.741126    
  2.506913     -3.758094    
  2.507076     -3.765865    
  2.507102     -3.765766    
  2.507234     -3.765993    
  2.507260     -3.804994    
  2.508936     -3.818262    
  2.508962     -3.768981    
  2.509000     -3.759731    
  2.509026     -3.716481    
  2.509852     -3.720304    
  2.509878     -3.745980    
  2.510053     -3.769233    
  2.510079     -3.967303    
  2.511786     -3.834624    
  2.511813     -3.784381    
  2.512377     -3.697137    
  2.512404     -3.681733    
  2.514206     -3.808055    
  2.514232     -3.655713    
  2.515517     -3.629805    
  2.515543     -3.648932    
  2.515749     -3.655801    
  2.515775     -3.657419    
  2.515839     -3.661034    
  2.515866     -3.662740    
  2.515902     -3.665335    
  2.515928     -3.667814    
  2.516736     -3.756106    
  2.516763     -3.746300    
  2.516973     -3.726084    
  2.516999     -3.715353    
  2.517971     -3.600689    
  2.517997     -3.629119    
  2.518475     -3.727921    
  2.518501     -3.706879    
  2.519371     -3.614847    
  2.519397     -3.651700    
  2.523458     -3.720762    
  2.523485     -3.721404    
  2.526015     -3.750237    
  2.528531     -3.759605    
  2.528557     -3.830782    
  2.532645     -3.808678    
  2.532671     -3.835903    
  2.533864     -3.772258    
  2.533890     -3.673533    
  2.536637     -3.712907    
  2.539367     -3.771547    
  2.539394     -3.763949    
  2.542501     -3.899851    
  2.542527     -3.972461    
  2.544716     -3.735799    
  2.544742     -3.945093    
  2.546838     -3.888388    
  2.546864     -3.831709    
  2.547359     -3.806969    
  2.547385     -3.797344    
  2.547467     -3.784766    
  2.547493     -3.763810    
  2.551148     -3.728705    
  2.551174     -3.732937    
  2.551788     -3.744862    
  2.551814     -3.810221    
  2.555525     -3.851358    
  2.555551     -3.738555    
  2.558413     -3.698400    
  2.558439     -3.698340    
  2.558900     -3.703368    
  2.558926     -3.721187    
  2.562365     -3.783093    
  2.562391     -3.866991    
  2.562708     -3.946528    
  2.562735     -3.998575    
  2.565530     -3.741891    
  2.568307     -3.930519    
  2.568333     -3.681778    
  2.568399     -3.664321    
  2.568425     -3.639587    
  2.568740     -3.728359    
  2.568765     -3.764409    
  2.568792     -3.895090    
  2.571346     -3.698057    
  2.571372     -3.699497    
  2.571520     -3.688756    
  2.571546     -3.666271    
  2.573817     -3.730160    
  2.576076     -3.681725    
  2.576102     -3.957766    
  2.579478     -3.780088    
  2.582828     -3.831938    
  2.582854     -3.751069    
  2.584966     -3.866803    
  2.584992     -4.186809    
  2.586240     -3.928519    
  2.586266     -3.771509    
  2.588283     -3.766663    
  2.588309     -3.870589    
  2.589445     -4.528167    
  2.589471     -4.452690    
  2.590629     -4.106466    
  2.590655     -4.061858    
  2.592847     -4.131016    
  2.595028     -3.935719    
  2.595054     -3.696732    
  2.596291     -3.863664    
  2.596317     -3.921816    
  2.596347     -4.036552    
  2.597676     -3.900555    
  2.597703     -4.049675    
  2.599443     -3.859414    
  2.599469     -4.009902    
  2.600950     -3.976290    
  2.600976     -4.017925    
  2.603363     -3.738435    
  2.603390     -3.676287    
  2.606269     -3.857965    
  2.606295     -3.869327    
  2.606355     -3.863932    
  2.606381     -3.836433    
  2.607088     -3.977548    
  2.607114     -3.990018    
  2.607268     -3.985592    
  2.607294     -3.979944    
  2.607422     -3.950889    
  2.607448     -3.943325    
  2.607583     -3.908674    
  2.607610     -3.900367    
  2.608822     -3.789750    
  2.608848     -3.783845    
  2.611614     -3.740816    
  2.614363     -3.801339    
  2.614389     -3.806677    
  2.617047     -3.775184    
  2.619690     -3.652242    
  2.619716     -3.703016    
  2.620810     -3.658307    
  2.620836     -3.645197    
  2.620889     -3.643820    
  2.620915     -3.639895    
  2.621993     -3.624587    
  2.622019     -3.740463    
  2.625501     -3.906519    
  2.625527     -3.673135    
  2.626327     -3.743894    
  2.626353     -3.721672    
  2.627054     -3.880963    
  2.627080     -3.867090    
  2.630159     -3.715723    
  2.633217     -3.758962    
  2.633243     -3.715114    
  2.633616     -3.810012    
  2.633642     -3.807534    
  2.634860     -3.902581    
  2.634886     -3.880699    
  2.637264     -3.722606    
  2.637290     -3.682528    
  2.640667     -3.719568    
  2.640693     -3.654686    
  2.642655     -3.857121    
  2.644608     -3.635652    
  2.644634     -3.713503    
  2.645884     -3.691572    
  2.645910     -3.639326    
  2.646467     -3.756250    
  2.646493     -3.794336    
  2.646793     -3.875455    
  2.646819     -3.819346    
  2.648509     -3.625813    
  2.648535     -3.678152    
  2.648569     -3.674993    
  2.650611     -3.644117    
  2.650637     -3.626526    
  2.652053     -3.652967    
  2.652079     -3.658586    
  2.652535     -3.695142    
  2.652561     -3.709466    
  2.653789     -3.748381    
  2.653815     -3.718596    
  2.654544     -3.720036    
  2.654570     -3.705766    
  2.655879     -3.660927    
  2.655905     -3.659853    
  2.656887     -3.639002    
  2.656913     -3.654815    
  2.656969     -3.656307    
  2.656995     -3.658192    
  2.657324     -3.652253    
  2.657350     -3.650141    
  2.657529     -3.645186    
  2.657556     -3.643747    
  2.658514     -3.665371    
  2.658540     -3.658575    
  2.659819     -3.700096    
  2.659845     -3.655024    
  2.661662     -3.638294    
  2.661688     -3.656476    
  2.661741     -3.657885    
  2.661767     -3.670206    
  2.662869     -3.642415    
  2.662895     -3.636605    
  2.662923     -3.635459    
  2.663217     -3.639436    
  2.663243     -3.649308    
  2.664942     -3.714443    
  2.664968     -3.729683    
  2.666637     -3.677323    
  2.668300     -3.617604    
  2.668327     -3.630012    
  2.669554     -3.635153    
  2.670779     -3.692816    
  2.670805     -3.688525    
  2.672474     -3.644156    
  2.674136     -3.650780    
  2.674162     -3.672320    
  2.675402     -3.682394    
  2.675428     -3.670743    
  2.676854     -3.659034    
  2.676880     -3.660004    
  2.677782     -3.655400    
  2.677808     -3.650898    
  2.679265     -3.655994    
  2.680718     -3.653482    
  2.682165     -3.648059    
  2.683608     -3.649332    
  2.683634     -3.651016    
  2.684647     -3.652280    
  2.685650     -3.651231    
  2.685677     -3.651486    
  2.685745     -3.651838    
  2.685771     -3.651861    
  2.686018     -3.654401    
  2.686044     -3.653157    
  2.686551     -3.674145    
  2.686577     -3.689106    
  2.687604     -3.651418    
  2.688629     -3.653720    
  2.688655     -3.653194    
  2.689773     -3.660617    
  2.690888     -3.678019    
  2.690914     -3.678918    
  2.690957     -3.681411    
  2.690983     -3.706888    
  2.692104     -3.655829    
  2.692663     -3.688481    
  2.693221     -3.693282    
  2.693247     -3.672235    
  2.693930     -3.679103    
  2.694611     -3.669355    
  2.695292     -3.661061    
  2.695971     -3.657786    
  2.696650     -3.664327    
  2.697327     -3.670145    
  2.698003     -3.662543    
  2.698678     -3.671756    
  2.698704     -3.673560    
  2.698747     -3.674406    
  2.698773     -3.676061    
  2.699173     -3.675115    
  2.699199     -3.672935    
  2.699707     -3.667751    
  2.700214     -3.667749    
  2.700240     -3.666911    
  2.700517     -3.665991    
  2.700543     -3.665996    
  2.700562     -3.665956    
  2.700588     -3.665598    
  2.701102     -3.666412    
  2.701616     -3.667770    
  2.702128     -3.670267    
  2.702641     -3.671953    
  2.702667     -3.677182    
  2.704263     -3.667859    
  2.704289     -3.669168    
  2.704778     -3.669493    
  2.704804     -3.671095    
  2.705149     -3.674608    
  2.705176     -3.676057    
  2.706354     -3.678090    
  2.706380     -3.671045    
  2.707338     -3.673562    
  2.707364     -3.676550    
  2.708243     -3.676827    
  2.708265     -3.676426    
  2.708291     -3.676459    
  2.708382     -3.676823    
  2.708408     -3.676909    
  2.709302     -3.686345    
  2.709328     -3.670831    
  2.710066     -3.776681    
  2.710092     -3.784247    
  2.712261     -3.638187    
  2.712287     -3.680236    
  2.716426     -3.687049    
  2.716452     -3.693826    
  2.716512     -3.694586    
  2.716538     -3.681739    
  2.718970     -3.715488    
  2.721389     -3.672296    
  2.721415     -3.687345    
  2.721822     -3.688669    
  2.721848     -3.679345    
  2.724988     -3.713254    
  2.725014     -3.782614    
  2.725160     -3.815314    
  2.725186     -3.819717    
  2.725284     -3.831542    
  2.725310     -3.851977    
  2.725772     -3.747321    
  2.725798     -3.691290    
  2.727554     -3.690968    
  2.727580     -3.699108    
  2.728176     -3.712391    
  2.728202     -3.710115    
  2.728398     -3.707609    
  2.728424     -3.706891    
  2.728587     -3.702556    
  2.728613     -3.696961    
  2.730067     -3.695689    
  2.730093     -3.697499    
  2.733184     -3.701846    
  2.733210     -3.700763    
  2.734192     -3.711450    
  2.734218     -3.723053    
  2.735929     -3.712820    
  2.735955     -3.703772    
  2.736022     -3.702661    
  2.736048     -3.704146    
  2.737089     -3.707241    
  2.737115     -3.707637    
  2.738198     -3.707793    
  2.738224     -3.707721    
  2.738774     -3.715823    
  2.738800     -3.715091    
  2.740331     -3.708676    
  2.740357     -3.715720    
  2.742489     -3.710765    
  2.742515     -3.711605    
  2.742845     -3.714170    
  2.742871     -3.997788    
  2.746971     -4.218541    
  2.746997     -3.868929    
  2.749427     -3.467931    
  2.751831     -3.726899    
  2.751857     -3.667892    
  2.752111     -3.679953    
  2.752137     -3.681472    
  2.753459     -3.709425    
  2.753485     -3.705616    
  2.754539     -3.716911    
  2.754566     -3.717972    
  2.754881     -3.721299    
  2.754907     -3.721039    
  2.755529     -3.721579    
  2.755555     -3.724743    
  2.758504     -3.733227    
  2.758531     -3.732038    
  2.759057     -3.732879    
  2.759083     -3.732822    
  2.759298     -3.733486    
  2.759324     -3.733552    
  2.759941     -3.734128    
  2.759967     -3.735730    
  2.760777     -3.735374    
  2.760803     -3.733138    
  2.762338     -3.736135    
  2.762364     -3.734303    
  2.763494     -3.746722    
  2.763520     -3.752630    
  2.764607     -3.736147    
  2.764634     -3.741065    
  2.764790     -3.742174    
  2.764816     -3.742008    
  2.765431     -3.740393    
  2.765457     -3.741381    
  2.765786     -3.741174    
  2.765812     -3.740283    
  2.766720     -3.741219    
  2.766746     -3.743010    
  2.767599     -3.750720    
  2.767625     -3.747243    
  2.768816     -3.744379    
  2.768842     -3.745015    
  2.768873     -3.745049    
  2.768899     -3.745041    
  2.769246     -3.746433    
  2.769273     -3.742873    
  2.770825     -3.756032    
  2.770851     -3.772625    
  2.772571     -3.742352    
  2.772597     -3.750197    
  2.775871     -3.754730    
  2.775898     -3.754177    
  2.777571     -3.756718    
  2.777597     -3.742552    
  2.781452     -3.810874    
  2.781478     -3.838686    
  2.783779     -3.764327    
  2.783805     -3.734811    
  2.786347    -100.00000    
  2.786373     -4.437749    
  2.787394     -4.018683    
  2.787420     -3.972627    
  2.789379     -3.671512    
  2.789405     -3.576095    
  2.792084     -3.635790    
  2.792110     -3.728336    
  2.795992     -3.816124    
  2.796018     -4.158090    
  2.799330     -3.953688    
  2.799356    -100.00000    
  2.799768     -5.139173    
  2.799795     -5.393312    
  2.800685     -4.373725    
  2.800711     -4.264760    
  2.802982     -3.541247    
  2.803008     -3.634288    
  2.805911     -3.489080    
  2.808794     -3.785849    
  2.811659     -3.799727    
  2.814504     -3.808842    
  2.814531     -3.809561    
  2.815805     -3.809465    
  2.815831     -3.809032    
  2.816461     -3.810836    
  2.816487     -3.811042    
  2.817048     -3.811780    
  2.817074     -3.811943    
  2.818601     -3.815231    
  2.818627     -3.818801    
  2.822346     -3.834848    
  2.826033     -3.887539    
  2.826059     -3.814287    
  2.829643     -3.832994    
  2.829669     -3.830987    
  2.833025     -3.838611    
  2.833051     -3.838867    
  2.836279     -3.839836    
  2.836305     -3.841328    
  2.836473     -3.841795    
  2.836499     -3.841953    
  2.839407     -3.855437    
  2.839433     -3.838933    
  2.840448     -3.889903    
  2.840474     -3.870405    
  2.844142     -3.844787    
  2.844168     -3.853090    
  2.844752     -3.853614    
  2.844778     -3.854401    
  2.845644     -3.858457    
  2.845670     -3.857994    
  2.846022     -3.858610    
  2.846048     -3.858684    
  2.846084     -3.858778    
  2.846110     -3.858742    
  2.846350     -3.860168    
  2.846376     -3.855717    
  2.846960     -3.888880    
  2.846986     -3.931247    
  2.850315     -3.837658    
  2.850341     -3.857522    
  2.851138     -3.893446    
  2.851164     -3.910341    
  2.851303     -3.938924    
  2.851329     -3.948490    
  2.851635     -4.005428    
  2.851661     -3.975357    
  2.853000     -3.821214    
  2.853026     -3.855692    
  2.853688     -3.877503    
  2.853714     -3.869903    
  2.856751     -3.875391    
  2.856777     -3.875433    
  2.859747     -3.883953    
  2.859773     -3.882411    
  2.863227     -3.890965    
  2.863253     -3.889631    
  2.864041     -3.895182    
  2.864067     -3.894129    
  2.864202     -3.893628    
  2.864228     -3.889426    
  2.866992     -3.893559    
  2.867018     -3.899630    
  2.869268     -3.894721    
  2.871507     -3.901363    
  2.871533     -3.902169    
  2.871590     -3.902560    
  2.871617     -3.902909    
  2.871996     -3.904309    
  2.872022     -3.904522    
  2.874358     -3.908476    
  2.874384     -3.903378    
  2.876673     -3.914753    
  2.876699     -3.912746    
  2.877153     -3.910692    
  2.877179     -3.913095    
  2.880574     -3.930025    
  2.880600     -4.088582    
  2.882343    -100.00000    
  2.882369     -4.771250    
  2.882700     -4.578047    
  2.882726     -4.626297    
  2.885367     -4.267652    
  2.885393     -3.975389    
  2.886410     -3.707582    
  2.886436     -3.728549    
  2.886684     -3.700172    
  2.886711     -3.657287    
  2.887586     -3.803003    
  2.887612     -3.894565    
  2.888537     -3.979945    
  2.888563     -4.062564    
  2.889344     -3.704492    
  2.889370     -3.605073    
  2.891995     -4.704031    
  2.892021     -4.223439    
  2.893735     -3.857026    
  2.893761     -3.862663    
  2.894101     -3.778027    
  2.894127     -3.765529    
  2.895125     -3.903504    
  2.895151     -3.886013    
  2.895520     -3.928596    
  2.895547     -4.506279    
  2.896797     -4.414989    
  2.896824     -4.133215    
  2.897817    -100.00000    
  2.897843     -6.111559    
  2.900619     -3.999225    
  2.900645     -3.955243    
  2.901366     -3.845236    
  2.901392     -3.750642    
  2.905057     -3.807414    
  2.905083     -3.867038    
  2.905579     -3.890475    
  2.905605     -3.895156    
  2.907884     -3.964361    
  2.907910     -3.949640    
  2.908129     -3.956468    
  2.908155     -3.957374    
  2.908507     -4.015415    
  2.908533     -4.063746    
  2.909451     -3.973324    
  2.909477     -3.954192    
  2.910120     -3.945431    
  2.910146     -3.953159    
  2.913205     -3.973618    
  2.916242     -3.983921    
  2.916268     -3.986424    
  2.916557     -3.997223    
  2.916584     -3.998906    
  2.916815     -4.002576    
  2.916841     -4.002956    
  2.917202     -3.987530    
  2.917228     -3.980923    
  2.917946     -3.979752    
  2.917972     -3.980011    
  2.921796     -3.991837    
  2.921822     -3.989446    
  2.925060     -3.995267    
  2.925086     -3.995191    
  2.925714     -4.094646    
  2.925740     -4.106201    
  2.925879     -4.123039    
  2.925905     -4.122714    
  2.925971     -4.120323    
  2.925997     -4.053400    
  2.927585     -3.968051    
  2.927611     -4.001400    
  2.927702     -4.003401    
  2.927728     -4.004015    
  2.927981     -4.001083    
  2.928007     -4.000105    
  2.928701     -4.002539    
  2.928727     -4.001492    
  2.929157     -4.003651    
  2.929183     -4.003520    
  2.929555     -4.003134    
  2.929581     -4.003295    
  2.929997     -4.004135    
  2.930023     -4.004118    
  2.930276     -4.004576    
  2.930302     -4.004628    
  2.930635     -4.005481    
  2.930661     -4.005571    
  2.930674     -4.005608    
  2.930700     -4.005667    
  2.930993     -4.006566    
  2.931020     -4.006775    
  2.931455     -4.008091    
  2.931481     -4.019928    
  2.932685     -4.062009    
  2.932711     -4.019756    
  2.934676     -4.004032    
  2.934702     -4.009234    
  2.935383     -4.014079    
  2.935409     -4.029243    
  2.936838     -4.154885    
  2.936864     -4.017526    
  2.937442     -3.967885    
  2.937468     -3.973962    
  2.937555     -3.976272    
  2.937581     -3.994619    
  2.939148     -4.025089    
  2.939174     -4.017181    
  2.939362     -4.017465    
  2.939388     -4.017209    
  2.942758     -4.035051    
  2.942785     -4.025704    
  2.943789     -4.031194    
  2.943815     -4.031487    
  2.943844     -4.030405    
  2.944299     -4.041633    
  2.944325     -4.055458    
  2.945296     -4.039460    
  2.945322     -4.031192    
  2.946304     -4.034049    
  2.946330     -4.035045    
  2.946717     -4.036588    
  2.946743     -4.035959    
  2.946776     -4.035859    
  2.946802     -4.035700    
  2.950801     -4.042942    
  2.950827     -4.043428    
  2.951318     -4.045351    
  2.951344     -4.045453    
  2.951741     -4.046849    
  2.951767     -4.046900    
  2.952632     -4.048663    
  2.952658     -4.048171    
  2.953349     -4.047770    
  2.953375     -4.047924    
  2.953780     -4.049514    
  2.953806     -4.049672    
  2.954021     -4.050442    
  2.954047     -4.050522    
  2.954374     -4.051890    
  2.954391     -4.051976    
  2.954417     -4.052176    
  2.954846     -4.053663    
  2.954872     -4.053408    
  2.955769     -4.051922    
  2.955795     -4.053087    
  2.956192     -4.054450    
  2.956218     -4.054394    
  2.956377     -4.054867    
  2.956403     -4.055091    
  2.956852     -4.056297    
  2.956878     -4.056101    
  2.957651     -4.056666    
  2.957677     -4.056956    
  2.957733     -4.057193    
  2.957759     -4.057680    
  2.958652     -4.060268    
  2.958678     -4.060048    
  2.958733     -4.060191    
  2.958753     -4.060255    
  2.958779     -4.060197    
  2.959227     -4.062850    
  2.959253     -4.063117    
  2.959299     -4.063442    
  2.959325     -4.063672    
  2.959550     -4.064993    
  2.959576     -4.065020    
  2.959605     -4.065101    
  2.959622     -4.065137    
  2.959648     -4.065184    
  2.959673     -4.065216    
  2.959699     -4.065250    
  2.959869     -4.065206    
  2.959895     -4.065199    
  2.959946     -4.065204    
  2.959972     -4.065231    
  2.960724     -4.066913    
  2.960751     -4.066357    
  2.961052     -4.065357    
  2.961078     -4.065294    
  2.961152     -4.065102    
  2.961178     -4.066205    
  2.963811     -4.066175    
  2.963837     -3.991374    
  2.965349     -3.904101    
  2.965375     -4.030270    
  2.965604     -4.089258    
  2.965631     -4.043009    
  2.969258     -3.989164    
  2.969284     -4.098347    
  2.969806     -4.284389    
  2.969832     -3.982498    
  2.973371     -3.914581    
  2.973397     -3.950977    
  2.975759     -3.897205    
  2.975785     -3.925686    
  2.976196     -3.985856    
  2.976222     -3.982838    
  2.978818     -3.917393    
  2.981393     -3.938126    
  2.981419     -3.989758    
  2.981911     -4.058255    
  2.981937     -4.070673    
  2.982453     -3.959661    
  2.982479     -3.936083    
  2.982902     -3.891569    
  2.982928     -3.923235    
  2.985851     -3.967589    
  2.988755     -3.938316    
  2.991639     -3.993805    
  2.994504     -3.966947    
  2.997351     -3.979513    
  3.000178     -4.026163    
  3.002988     -4.009504    
  3.005779     -3.996001    
  3.005806     -3.995903    
  3.006660     -3.990149    
  3.006686     -4.004649    
  3.007985     -4.009321    
  3.008011     -4.006431    
  3.008377     -4.019867    
  3.008403     -4.020937    
  3.008422     -4.021590    
  3.008449     -4.013101    
  3.012132     -3.980723    
  3.015785     -4.465794    
  3.019407     -3.857408    
  3.022999     -4.056543    
  3.023025     -4.012257    
  3.024692     -4.022397    
  3.024718     -4.031226    
  3.027002     -4.027626    
  3.027028     -4.024595    
  3.028469     -4.038287    
  3.028496     -4.046556    
  3.028525     -4.047518    
  3.028551     -4.047221    
  3.030734     -4.030682    
  3.032906     -4.075241    
  3.032932     -4.045445    
  3.037051     -4.058338    
  3.041131     -4.089948    
  3.041157     -4.069163    
  3.041192     -4.069873    
  3.041218     -4.072740    
  3.041743     -4.072319    
  3.041769     -4.061780    
  3.044049     -4.085574    
  3.044075     -4.071681    
  3.046448     -4.078761    
  3.046474     -4.077114    
  3.047296     -4.082739    
  3.047322     -4.104005    
  3.051393     -4.090344    
  3.051419     -4.073830    
  3.053164     -4.179434    
  3.053190     -4.080822    
  3.056650     -4.166326    
  3.056676     -4.183842    
  3.057784     -4.076132    
  3.057810     -4.107654    
  3.060993     -4.120258    
  3.064153     -4.131429    
  3.064179     -4.127828    
  3.067832     -4.138936    
  3.067858     -4.137619    
  3.071967     -4.160192    
  3.071993     -4.177479    
  3.074546     -4.147922    
  3.074572     -4.175824    
  3.077401     -4.159899    
  3.080211     -4.164275    
  3.083004     -4.177861    
  3.085779     -4.194376    
  3.085805     -4.188172    
  3.088194     -4.200861    
  3.088220     -4.268380    
  3.091880     -4.180737    
  3.091906     -4.206259    
  3.092972     -4.199592    
  3.092998     -4.200933    
  3.093275     -4.204177    
  3.093301     -4.930919    
  3.095382     -5.079710    
  3.095408     -4.758832    
  3.096210     -4.447513    
  3.096236     -4.391542    
  3.099421     -3.943884    
  3.099447     -4.075823    
  3.099999     -4.122398    
  3.100025     -4.095418    
  3.103059     -4.237616    
  3.106072     -4.253104    
  3.109064     -4.262352    
  3.112036     -4.268640    
  3.112062     -4.270844    
  3.114717     -4.273949    
  3.114743     -4.263757    
  3.114932     -4.261730    
  3.114958     -4.260723    
  3.115849     -4.274620    
  3.115875     -4.275614    
  3.116210     -4.280928    
  3.116236     -4.280760    
  3.116288     -4.281064    
  3.116314     -4.279200    
  3.117008     -4.289289    
  3.117034     -4.298682    
  3.117770     -4.285965    
  3.117796     -4.277951    
  3.118254     -4.272717    
  3.118280     -4.275378    
  3.118920     -4.290301    
  3.118946     -4.282320    
  3.121806     -4.295772    
  3.124647     -4.311070    
  3.124673     -4.324064    
  3.126028     -4.329532    
  3.126054     -4.315628    
  3.127717     -4.304206    
  3.127743     -4.333522    
  3.129255     -4.319588    
  3.129281     -4.295432    
  3.132761     -4.348187    
  3.136213     -4.346531    
  3.136239     -4.250800    
  3.139077     -4.791397    
  3.139103     -5.355153    
  3.141139     -4.378508    
  3.141166     -4.269671    
  3.143607     -4.250028    
  3.143633     -4.296311    
  3.144132     -4.326794    
  3.144158     -4.310642    
  3.146789     -4.403035    
  3.146815     -4.409896    
  3.146918     -4.405598    
  3.146944     -4.399641    
  3.147826     -4.343838    
  3.147852     -4.347322    
  3.148759     -4.415958    
  3.148785     -4.415891    
  3.149778     -4.466328    
  3.149804     -4.397789    
  3.151307     -4.380850    
  3.151333     -4.398370    
  3.152574     -4.406772    
  3.152600     -4.444782    
  3.153099     -4.457331    
  3.153125     -4.451058    
  3.153411     -4.452718    
  3.153437     -4.454350    
  3.153464     -4.454818    
  3.153490     -4.433232    
  3.155047     -4.371344    
  3.155073     -4.422277    
  3.156105     -4.413127    
  3.156131     -4.418725    
  3.159449     -4.394697    
  3.159475     -4.439117    
  3.159789     -4.453600    
  3.159815     -4.406785    
  3.164039     -4.435539    
  3.164065     -4.400446    
  3.164664     -4.436895    
  3.164690     -4.462310    
  3.166009     -4.435284    
  3.166035     -4.412939    
  3.168014     -4.472625    
  3.168040     -4.446047    
  3.171700     -4.462023    
  3.171726     -4.462435    
  3.173608     -4.448368    
  3.173634     -4.442671    
  3.174198     -4.450541    
  3.174224     -4.454352    
  3.178220     -4.454960    
  3.178246     -4.448737    
  3.179496     -4.467690    
  3.179523     -4.463868    
  3.180493     -4.463740    
  3.180519     -4.510154    
  3.181705     -4.491862    
  3.181731     -4.461668    
  3.181840     -4.458916    
  3.181866     -4.459178    
  3.181990     -4.462062    
  3.182017     -4.460880    
  3.184999     -4.473320    
  3.185025     -4.475463    
  3.186118     -4.481726    
  3.186144     -4.480048    
  3.187507     -4.476644    
  3.187524     -4.480052    
  3.187550     -4.480195    
  3.188369     -4.485267    
  3.188395     -4.481635    
  3.189386     -4.500228    
  3.189412     -4.390102    
  3.189917     -5.443950    
  3.189943     -6.681215    
  3.190993     -5.747222    
  3.191019     -5.597642    
  3.191149     -5.261403    
  3.191176     -5.128675    
  3.192254     -4.483942    
  3.192280     -4.448509    
  3.194916     -4.546350    
  3.194942     -4.437551    
  3.196947     -4.324590    
  3.196973     -4.398983    
  3.199833     -4.508125    
  3.199859     -4.493307    
  3.202175     -4.521229    
  3.202201     -4.519184    
  3.203193     -4.526958    
  3.203219     -4.525438    
  3.204704     -4.544078    
  3.204730     -4.533906    
  3.207396     -4.540274    
  3.207422     -4.545983    
  3.209165     -4.545223    
  3.209192     -4.545354    
  3.209905     -4.548802    
  3.209931     -4.548629    
  3.211746     -4.555230    
  3.211772     -4.557612    
  3.213910     -4.564930    
  3.213936     -4.571896    
  3.217562     -4.568858    
  3.217588     -4.568081    
  3.217734     -4.567611    
  3.217760     -4.567472    
  3.218195     -4.568098    
  3.218221     -4.568286    
  3.218359     -4.569067    
  3.218385     -4.611918    
  3.221432     -4.571284    
  3.224458     -4.595821    
  3.224484     -4.594197    
  3.226728     -4.597277    
  3.228960     -4.608883    
  3.231181     -4.611991    
  3.233391     -4.615758    
  3.233417     -4.619275    
  3.235869     -4.630340    
  3.238307     -4.649248    
  3.240731     -4.664873    
  3.243142     -4.654809    
  3.243168     -4.652309    
  3.246203     -4.662679    
  3.249217     -4.670939    
  3.249243     -4.675359    
  3.251269     -4.680927    
  3.251295     -4.676385    
  3.251554     -4.676665    
  3.251580     -4.676578    
  3.254930     -4.689136    
  3.258254     -4.704700    
  3.258280     -4.700782    
  3.261671     -4.711436    
  3.261697     -4.709204    
  3.263492     -4.715574    
  3.263518     -4.716828    
  3.267500     -4.729393    
  3.271446     -4.743324    
  3.271472     -4.743761    
  3.273283     -4.750001    
  3.273309     -4.751457    
  3.276784     -4.765040    
  3.276810     -4.758878    
  3.279737     -4.771101    
  3.279763     -4.770635    
  3.279904     -4.771084    
  3.279930     -4.765620    
  3.281693     -4.790657    
  3.281719     -4.797421    
  3.283569     -4.773912    
  3.283595     -4.784374    
  3.285864     -4.789807    
  3.285890     -4.790125    
  3.288494     -4.798863    
  3.288521     -4.798172    
  3.289058     -4.800055    
  3.289085     -4.799541    
  3.291445     -4.815703    
  3.291471     -4.808087    
  3.292687     -4.811625    
  3.292713     -4.812681    
  3.294701     -4.819438    
  3.294727     -4.819417    
  3.295769     -4.823436    
  3.295795     -4.823434    
  3.295928     -4.823946    
  3.295954     -4.824072    
  3.296323     -4.825498    
  3.296349     -4.825608    
  3.296793     -4.826527    
  3.296819     -4.826187    
  3.299472     -4.834686    
  3.299498     -4.835182    
  3.301162     -4.840955    
  3.301188     -4.840906    
  3.302957     -4.846308    
  3.302983     -4.846099    
  3.305105     -4.851888    
  3.305131     -4.852288    
  3.306016     -4.854941    
  3.306042     -4.855425    
  3.306917     -4.859698    
  3.306943     -4.859655    
  3.309394     -4.869038    
  3.309420     -4.868866    
  3.309880     -4.870533    
  3.309906     -4.870539    
  3.310654     -4.873770    
  3.310680     -4.873730    
  3.311009     -4.874224    
  3.311035     -4.874251    
  3.311357     -4.875031    
  3.311383     -4.875144    
  3.311855     -4.876040    
  3.311881     -4.876052    
  3.312043     -4.876494    
  3.312069     -4.878938    
  3.315866     -4.886019    
  3.319630     -4.889561    
  3.319656     -4.900517    
  3.322697     -4.909786    
  3.325716     -4.919255    
  3.328715     -4.929176    
  3.331694     -4.925947    
  3.334652     -4.949049    
  3.337590     -4.953820    
  3.340508     -4.969182    
  3.343407     -4.977267    
  3.343433     -4.981075    
  3.347340     -4.984689    
  3.351212     -5.005044    
  3.351238     -4.993511    
  3.351711     -4.999618    
  3.351737     -4.999305    
  3.354728     -5.005707    
  3.357698     -5.030592    
  3.360649     -5.028804    
  3.363579     -5.040083    
  3.363605     -5.035089    
  3.365511     -5.062713    
  3.365537     -5.056619    
  3.367465     -5.064948    
  3.367491     -5.087306    
  3.367518     -5.090415    
  3.368345     -5.044667    
  3.368371     -5.052698    
  3.369799     -5.062031    
  3.369825     -5.061614    
  3.371854     -5.068065    
  3.371880     -5.067857    
  3.373656     -5.073762    
  3.373682     -5.073844    
  3.377642     -5.086643    
  3.377668     -5.087781    
  3.379189     -5.093142    
  3.379215     -5.086915    
  3.382117     -5.118933    
  3.382143     -5.112669    
  3.385913     -5.110419    
  3.385939     -5.115153    
  3.389822     -5.131035    
  3.389848     -5.131948    
  3.391164     -5.144739    
  3.391190     -5.135034    
  3.395069     -5.148231    
  3.395095     -5.147972    
  3.397989     -5.158178    
  3.398015     -5.158482    
  3.398446     -5.159910    
  3.398472     -5.159699    
  3.400885     -5.168352    
  3.400911     -5.168189    
  3.402458     -5.173353    
  3.402485     -5.172244    
  3.403625     -5.203252    
  3.403651     -5.193480    
  3.404157     -5.194316    
  3.404183     -5.203487    
  3.406906     -5.187201    
  3.409611     -5.197600    
  3.412300     -5.208425    
  3.414973     -5.215191    
  3.414999     -5.214952    
  3.419305     -5.233036    
  3.419331     -5.232879    
  3.422393     -5.244285    
  3.425434     -5.253617    
  3.428454     -5.265057    
  3.431452     -5.275105    
  3.431479     -5.274365    
  3.434953     -5.288260    
  3.434979     -5.286994    
  3.438935     -5.305184    
  3.442855     -5.323429    
  3.442881     -5.313911    
  3.444964     -5.321944    
  3.444990     -5.321872    
  3.447490     -5.332716    
  3.449964     -5.342298    
  3.449990     -5.342495    
  3.452474     -5.350196    
  3.454944     -5.357920    
  3.454970     -5.362538    
  3.457932     -5.368379    
  3.460873     -5.379806    
  3.463795     -5.392649    
  3.466698     -5.398599    
  3.466724     -5.400177    
  3.467614     -5.403882    
  3.467640     -5.403702    
  3.468776     -5.405731    
  3.468802     -5.406388    
  3.469484     -5.412193    
  3.469510     -5.413003    
  3.469535     -5.413409    
  3.469561     -5.413854    
  3.469873     -5.419606    
  3.469899     -5.420457    
  3.470209     -5.420434    
  3.470235     -5.415863    
  3.471210     -5.415412    
  3.471236     -5.416507    
  3.472958     -5.423894    
  3.472984     -5.422803    
  3.474130     -5.426784    
  3.474156     -5.427325    
  3.477552     -5.440334    
  3.480921     -5.451974    
  3.480947     -5.451918    
  3.483093     -5.457978    
  3.483119     -5.458992    
  3.485987     -5.470728    
  3.486013     -5.470497    
  3.486615     -5.472659    
  3.486641     -5.475666    
  3.490491     -5.496370    
  3.494307     -5.493026    
  3.494333     -5.500150    
  3.498611     -5.515096    
  3.502847     -5.532522    
  3.502873     -5.531234    
  3.503909     -5.534652    
  3.503935     -5.535213    
  3.504049     -5.535782    
  3.504075     -5.536104    
  3.505750     -5.541097    
  3.505776     -5.541339    
  3.505983     -5.542036    
  3.506009     -5.542427    
  3.506922     -5.545637    
  3.506948     -5.545511    
  3.507287     -5.546655    
  3.507313     -5.546779    
  3.511219     -5.580013    
  3.511245     -5.558298    
  3.513248     -5.571136    
  3.513274     -5.569566    
  3.515834     -5.577916    
  3.515860     -5.578803    
  3.515893     -5.579208    
  3.518219     -5.587268    
  3.520533     -5.595488    
  3.522835     -5.603877    
  3.525125     -5.611718    
  3.527403     -5.620774    
  3.529669     -5.631305    
  3.531923     -5.637347    
  3.534166     -5.645885    
  3.534192     -5.660901    
  3.535341     -5.652104    
  3.535367     -5.646155    
  3.539376     -5.663501    
  3.539403     -5.666302    
  3.541647     -5.674669    
  3.543879     -5.682419    
  3.543905     -5.682510    
  3.544530     -5.684495    
  3.544556     -5.684541    
  3.545185     -5.687794    
  3.545211     -5.688158    
  3.545491     -5.690408    
  3.545517     -5.690898    
  3.548458     -5.697645    
  3.548484     -5.699766    
  3.550178     -5.705892    
  3.550205     -5.706118    
  3.552184     -5.711828    
  3.552210     -5.712209    
  3.553416     -5.716940    
  3.553442     -5.717104    
  3.553493     -5.717307    
  3.553519     -5.717524    
  3.555658     -5.726022    
  3.555684     -5.725993    
  3.556758     -5.733018    
  3.556785     -5.730635    
  3.557726     -5.732592    
  3.557752     -5.733123    
  3.558877     -5.738017    
  3.558903     -5.737890    
  3.559141     -5.738893    
  3.559167     -5.738987    
  3.559322     -5.739510    
  3.559348     -5.739457    
  3.560882     -5.744447    
  3.560908     -5.744472    
  3.561003     -5.744837    
  3.561024     -5.744921    
  3.561050     -5.745025    
  3.561076     -5.745131    
  3.561161     -5.745474    
  3.561188     -5.745585    
  3.561399     -5.746308    
  3.561425     -5.746382    
  3.561492     -5.746593    
  3.561518     -5.746660    
  3.561733     -5.747443    
  3.561759     -5.747564    
  3.561929     -5.748402    
  3.561955     -5.748587    
  3.562293     -5.750106    
  3.565712     -5.761725    
  3.565738     -5.746756    
  3.568684     -5.725216    
  3.568710     -5.740634    
  3.572276     -5.776236    
  3.572302     -5.768245    
  3.575184     -5.774097    
  3.578046     -5.783621    
  3.580890     -5.796135    
  3.583716     -5.790142    
  3.583742     -5.820360    
  3.586195     -5.790577    
  3.588634     -5.827661    
  3.591060     -5.821621    
  3.593472     -5.841287    
  3.595871     -5.831432    
  3.598257     -5.850479    
  3.600630     -5.847559    
  3.602990     -5.870252    
  3.603016     -5.894164    
  3.606561     -5.865850    
  3.610077     -5.898465    
  3.610103     -5.887066    
  3.614107     -5.894729    
  3.618075     -5.956272    
  3.618101     -5.907570    
  3.619098     -5.912339    
  3.619124     -5.920731    
  3.620549     -5.925663    
  3.620575     -5.925600    
  3.621884     -5.930314    
  3.621910     -5.930601    
  3.623350     -5.935758    
  3.623376     -5.935519    
  3.625657     -5.939894    
  3.627926     -5.967114    
  3.627952     -5.958965    
  3.630143     -5.956847    
  3.630428     -5.961844    
  3.632323     -5.967879    
  3.632349     -5.968156    
  3.634351     -5.976681    
  3.634377     -5.976272    
  3.637591     -5.988077    
  3.637617     -5.988594    
  3.640932     -6.017973    
  3.644221     -6.006234    
  3.644248     -6.012470    
  3.646952     -6.022028    
  3.649641     -6.033459    
  3.652313     -6.042364    
  3.654968     -6.051640    
  3.654994     -6.051496    
  3.656771     -6.058667    
  3.656798     -6.060407    
  3.659416     -6.068259    
  3.659442     -6.073286    
  3.663645     -6.088475    
  3.663672     -6.083926    
  3.666918     -6.096512    
  3.670140     -6.108525    
  3.670166     -6.108281    
  3.673528     -6.119674    
  3.673554     -6.116668    
  3.676435     -6.132390    
  3.679298     -6.144388    
  3.682141     -6.152548    
  3.684966     -6.163858    
  3.684992     -6.166311    
  3.685363     -6.167511    
  3.685390     -6.167325    
  3.685421     -6.166293    
  3.687761     -6.173017    
  3.687787     -6.173029    
  3.688738     -6.176259    
  3.688764     -6.176507    
  3.688892     -6.177134    
  3.688918     -6.173860    
  3.690761     -6.193559    
  3.690787     -6.216881    
  3.691489     -6.290108    
  3.691515     -6.193339    
  3.694842     -6.193715    
  3.694868     -6.199783    
  3.695395     -6.201895    
  3.695421     -6.201940    
  3.695548     -6.202390    
  3.695574     -6.201641    
  3.699531     -6.217916    
  3.703451     -6.232293    
  3.707337     -6.247057    
  3.711188     -6.261316    
  3.711214     -6.261383    
  3.712650     -6.267445    
  3.713266     -6.269899    
  3.713292     -6.270043    
  3.715965     -6.279916    
  3.718622     -6.288975    
  3.718648     -6.288982    
  3.719507     -6.292379    
  3.719533     -6.292451    
  3.719809     -6.293897    
  3.719835     -6.294360    
  3.720772     -6.298355    
  3.720798     -6.298438    
  3.721949     -6.302196    
  3.721976     -6.301617    
  3.726014     -6.317401    
  3.726040     -6.317186    
  3.729224     -6.330277    
  3.729250     -6.330238    
  3.730799     -6.335923    
  3.730825     -6.336189    
  3.733074     -6.344294    
  3.733100     -6.343969    
  3.736642     -6.363771    
  3.740157     -6.369054    
  3.740183     -6.371391    
  3.740658     -6.373945    
  3.740684     -6.373657    
  3.742813     -6.380340    
  3.742839     -6.380540    
  3.743010     -6.381206    
  3.743036     -6.381150    
  3.745487     -6.390889    
  3.747926     -6.399851    
  3.747952     -6.400026    
  3.748402     -6.401840    
  3.748428     -6.401881    
  3.750148     -6.409638    
  3.750174     -6.409778    
  3.751807     -6.414673    
  3.751825     -6.414086    
  3.751851     -6.413852    
  3.752945     -6.419334    
  3.752971     -6.418997    
  3.753218     -6.419709    
  3.753244     -6.419926    
  3.753912     -6.422529    
  3.753938     -6.422594    
  3.754688     -6.426253    
  3.754715     -6.426199    
  3.755025     -6.427303    
  3.755051     -6.427383    
  3.755248     -6.428097    
  3.755274     -6.428213    
  3.755553     -6.429259    
  3.755579     -6.429010    
  3.758844     -6.442463    
  3.758870     -6.441641    
  3.762813     -6.453841    
  3.766720     -6.465909    
  3.770592     -6.482570    
  3.774430     -6.503180    
  3.774456     -6.497259    
  3.777991     -6.514103    
  3.778017     -6.514598    
  3.778151     -6.513910    
  3.781504     -6.527905    
  3.781530     -6.527266    
  3.785355     -6.540932    
  3.789147     -6.556157    
  3.792906     -6.569889    
  3.796633     -6.583961    
  3.796659     -6.581277    
  3.799528     -6.597433    
  3.802378     -6.604357    
  3.802405     -6.604859    
  3.802753     -6.606111    
  3.802779     -6.605673    
  3.804109     -6.612471    
  3.804136     -6.620714    
  3.805742     -6.615404    
  3.805768     -6.616228    
  3.806039     -6.616114    
  3.806065     -6.616081    
  3.806646     -6.620647    
  3.806672     -6.620359    
  3.807576     -6.623825    
  3.807602     -6.623814    
  3.808354     -6.627146    
  3.808380     -6.627232    
  3.809479     -6.633546    
  3.809505     -6.633416    
  3.809846     -6.634596    
  3.809872     -6.634516    
  3.810525     -6.637994    
  3.810551     -6.639268    
  3.811407     -6.651534    
  3.811433     -6.648186    
  3.811548     -6.646103    
  3.811574     -6.645520    
  3.811599     -6.644999    
  3.811625     -6.641839    
  3.812345     -6.642471    
  3.812371     -6.642907    
  3.814695     -6.652831    
  3.817007     -6.658805    
  3.819307     -6.665528    
  3.821595     -6.709398    
  3.821621     -6.712487    
  3.823807     -6.670593    
  3.825982     -6.693069    
  3.830301     -6.716894    
  3.830327     -6.711070    
  3.834271     -6.727038    
  3.838180     -6.742129    
  3.838207     -6.741410    
  3.840521     -6.748786    
  3.842823     -6.767950    
  3.842849     -6.775317    
  3.843871     -6.758690    
  3.843897     -6.763447    
  3.846695     -6.775442    
  3.849474     -6.784918    
  3.852236     -6.795091    
  3.854980     -6.806298    
  3.857707     -6.816008    
  3.860418     -6.834572    
  3.863111     -6.835732    
  3.865788     -6.847969    
  3.865814     -6.848573    
  3.866065     -6.849842    
  3.866091     -6.849992    
  3.868658     -6.860312    
  3.871210     -6.870176    
  3.871236     -6.869720    
  3.873921     -6.880195    
  3.876589     -6.890081    
  3.879242     -6.900010    
  3.881878     -6.910000    
  3.884498     -6.927811    
  3.887102     -6.928074    
  3.889691     -6.938445    
  3.892265     -6.952152    
  3.892291     -6.951008    
  3.894417     -6.958512    
  3.894443     -6.959089    
  3.895163     -6.961775    
  3.895189     -6.962154    
  3.898690     -6.976345    
  3.898716     -6.975593    
  3.900445     -6.983109    
  3.900462     -6.982988    
  3.900488     -6.983086    
  3.901329     -6.986119    
  3.901356     -6.986287    
  3.902300     -6.989398    
  3.902326     -6.989350    
  3.903658     -6.994964    
  3.903684     -6.994866    
  3.904238     -6.997092    
  3.904264     -6.997538    
  3.905995     -7.003876    
  3.906021     -7.003843    
  3.906888     -7.007749    
  3.906914     -7.007649    
  3.907705     -7.010735    
  3.907731     -7.010838    
  3.908373     -7.013225    
  3.908399     -7.013067    
  3.910755     -7.022393    
  3.913098     -7.031814    
  3.913124     -7.032059    
  3.913216     -7.032398    
  3.913243     -7.032491    
  3.913438     -7.033141    
  3.913465     -7.033226    
  3.913800     -7.034225    
  3.913826     -7.034318    
  3.913915     -7.034662    
  3.913941     -7.034766    
  3.914112     -7.035604    
  3.914138     -7.036276    
  3.916945     -7.046441    
  3.916971     -7.042196    
  3.920612     -7.057507    
  3.924221     -7.066675    
  3.927801     -7.086023    
  3.931352     -7.098693    
  3.931378     -7.098279    
  3.935116     -7.112360    
  3.938821     -7.126871    
  3.938847     -7.132733    
  3.941053     -7.132758    
  3.943248     -7.144240    
  3.945432     -7.152722    
  3.947605     -7.159139    
  3.951918     -7.179188    
  3.956189     -7.190842    
  3.956215     -7.188552    
  3.959412     -7.212366    
  3.962586     -7.214178    
  3.965737     -7.228903    
  3.968865     -7.241188    
  3.968891     -7.252929    
  3.972582     -7.252223    
  3.976241     -7.274151    
  3.979870     -7.283982    
  3.983469     -7.297354    
  3.983495     -7.314023    
  3.985959     -7.304583    
  3.988409     -7.316334    
  3.990846     -7.325856    
  3.993269     -7.335904    
  3.993295     -7.339228    
  3.997502     -7.351216    
  4.001668     -7.366509    
  4.005795     -7.387243    
  4.009884     -7.404029    
  4.013934     -7.413373    
  4.017946     -7.431954    
  4.021922     -7.449624    
  4.025862     -7.460854    
  4.025888     -7.462028    
  4.028135     -7.471240    
  4.030369     -7.481159    
  4.032592     -7.489938    
  4.034804     -7.498115    
  4.034830     -7.497631    
  4.038396     -7.510808    
  4.038422     -7.511217    
  4.039117     -7.515342    
  4.039143     -7.514627    
  4.042356     -7.526769    
  4.042382     -7.540879    
  4.044890     -7.535647    
  4.047383     -7.546888    
  4.047409     -7.546332    
  4.047809     -7.548074    
  4.047835     -7.548198    
  4.047865     -7.548805    
  4.051139     -7.562010    
  4.054389     -7.574592    
  4.057614     -7.586512    
  4.060816     -7.598900    
  4.063994     -7.611170    
  4.067150     -7.620907    
  4.070282     -7.641395    
  4.073392     -7.647837    
  4.073418     -7.647745    
  4.076164     -7.658772    
  4.078892     -7.668473    
  4.081603     -7.681355    
  4.084297     -7.690745    
  4.084323     -7.691449    
  4.087228     -7.702774    
  4.090114     -7.714474    
  4.092980     -7.725429    
  4.095828     -7.735189    
  4.098657     -7.747209    
  4.101468     -7.758982    
  4.104261     -7.770010    
  4.107036     -7.780140    
  4.109793     -7.786145    
  4.112533     -7.809036    
  4.115256     -7.813034    
  4.117962     -7.822453    
  4.120651     -7.833812    
  4.123323     -7.845284    
  4.125979     -7.853074    
  4.128620     -7.865310    
  4.128646     -7.865609    
  4.131400     -7.875294    
  4.134137     -7.887186    
  4.136856     -7.896378    
  4.139559     -7.907630    
  4.142245     -7.918009    
  4.144915     -7.928877    
  4.147568     -7.939721    
  4.150205     -7.950920    
  4.150231     -7.949995    
  4.153104     -7.962279    
  4.155957     -7.973309    
  4.155983     -7.973388    
  4.156244     -7.974301    
  4.156270     -7.973522    
  4.158947     -7.986936    
  4.158973     -7.986221    
  4.161758     -7.994978    
  4.161784     -7.995694    
  4.163410     -8.002000    
  4.163436     -8.001848    
  4.163793     -8.003244    
  4.163819     -8.003369    
  4.163989     -8.004117    
  4.164015     -8.004104    
  4.168129     -8.020453    
  4.172204     -8.035352    
  4.176241     -8.050857    
  4.180241     -8.066665    
  4.184204     -8.083453    
  4.188131     -8.098258    
  4.192024     -8.113920    
  4.195882     -8.128479    
  4.195908     -8.129067    
  4.199596     -8.143990    
  4.203253     -8.156590    
  4.206879     -8.170698    
  4.210475     -8.187819    
  4.214042     -8.198807    
  4.217580     -8.213956    
  4.221089     -8.228191    
  4.224570     -8.241540    
  4.228024     -8.254848    
  4.231450     -8.269697    
  4.234849     -8.282146    
  4.238222     -8.294598    
  4.241569     -8.307267    
  4.244890     -8.321490    
  4.248187     -8.334435    
  4.251458     -8.347448    
  4.251484     -8.347692    
  4.255470     -8.362912    
  4.259419     -8.378954    
  4.259445     -8.378915    
  4.261746     -8.387313    
  4.261772     -8.389082    
  4.265747     -8.403592    
  4.265773     -8.402612    
  4.266098     -8.404281    
  4.266124     -8.404725    
  4.269803     -8.419484    
  4.273452     -8.424201    
  4.277070     -8.422516    
  4.280658     -8.455861    
  4.284217     -8.474788    
  4.287747     -8.491383    
  4.291249     -8.503811    
  4.294722     -8.516111    
  4.294748     -8.516695    
  4.297714     -8.530499    
  4.300661     -8.541086    
  4.303587     -8.552501    
  4.306494     -8.563995    
  4.309381     -8.575313    
  4.312250     -8.587146    
  4.315099     -8.598731    
  4.317931     -8.609367    
  4.320743     -8.620240    
  4.323538     -8.633396    
  4.326314     -8.643174    
  4.329073     -8.653144    
  4.331815     -8.663756    
  4.334540     -8.674941    
  4.337247     -8.685824    
  4.339938     -8.692953    
  4.339964     -8.694299    
  4.343714     -8.708819    
  4.347431     -8.726092    
  4.347457     -8.725469    
  4.350370     -8.737118    
  4.353264     -8.748660    
  4.353290     -8.749085    
  4.353671     -8.750349    
  4.353698     -8.750325    
  4.356104     -8.758147    
  4.356130     -8.758954    
  4.357295     -8.763221    
  4.357321     -8.763216    
  4.357613     -8.764448    
  4.357639     -8.764573    
  4.357809     -8.765361    
  4.357835     -8.766423    
  4.360667     -8.777331    
  4.363481     -8.787081    
  4.366277     -8.799349    
  4.369055     -8.811096    
  4.371816     -8.821049    
  4.374559     -8.832139    
  4.377285     -8.842886    
  4.379993     -8.854639    
  4.382685     -8.863432    
  4.385361     -8.875344    
  4.388020     -8.884908    
  4.390662     -8.896099    
  4.393289     -8.907164    
  4.395900     -8.916824    
  4.398496     -8.926773    
  4.401076     -8.937055    
  4.403640     -8.945855    
  4.406190     -8.958480    
  4.408725     -8.967610    
  4.411245     -8.977061    
  4.413751     -8.987331    
  4.416242     -8.996697    
  4.418719     -9.007407    
  4.421182     -9.017671    
  4.423631     -9.011744    
  4.426066     -9.035444    
  4.428488     -9.044725    
  4.430896     -9.055757    
  4.433291     -9.062212    
  4.435673     -9.073440    
  4.438042     -9.081316    
  4.440398     -9.090411    
  4.440424     -9.090848    
  4.442884     -9.100538    
  4.445331     -9.113352    
  4.447764     -9.119713    
  4.450183     -9.131175    
  4.452589     -9.140120    
  4.454981     -9.138547    
  4.457361     -9.157992    
  4.459727     -9.166982    
  4.462081     -9.177473    
  4.464422     -9.186942    
  4.466750     -9.196027    
  4.469066     -9.204446    
  4.471370     -9.214215    
  4.473662     -9.224080    
  4.475941     -9.233073    
  4.478209     -9.238443    
  4.512967     -9.374976    
  4.512994     -9.377953    
  4.514640     -9.384737    
  4.514666     -9.385502    
  4.515975     -9.390569    
  4.516001     -9.390628    
  4.516171     -9.391405    
  4.516198     -9.392762    
  4.585499     -9.665920    
  4.585525     -9.661896    
  4.648519     -9.910518    
  4.648545     -9.911587    
  4.649578     -9.916592    
  4.649604     -9.916679    
  4.649869     -9.917801    
  4.649895     -9.917934    
  4.650065     -9.918684    
  4.650091     -9.916110    
  4.709795     -10.14483    
  4.709821     -10.15260    
  4.765784     -10.36847    
  4.765810     -10.36865    
  4.765853     -10.36874    
  4.765875     -10.36879    
  4.765901     -10.36883    
  4.766049     -10.36910    
  4.766075     -10.36898    
  4.818511     -10.57627    
  4.818536     -10.57101    
  4.868125     -10.74015    
  4.868151     -10.76760    
  4.868182     -10.76785    
  4.868208     -10.76806    
  4.868354     -10.76901    
  4.868380     -10.75097    
  4.915120     -10.94992    
  4.915146     -10.94623    
  4.959480     -11.11289    
  4.959506     -11.11365    
  4.959673     -11.11420    
  4.959697     -11.11425    
  4.959723     -11.11439    
  4.959869     -11.11484    
  4.959895     -11.18146    
  5.002051     -11.06430    
  5.002077     -11.27192    
  5.042016     -11.42695    
  5.042042     -11.42823    
  5.042458     -11.43033    
  5.042484     -11.43047    
  5.042511     -11.43060    
  5.042654     -11.43116    
  5.042681     -11.42856    
  5.081068     -11.56398    
  5.081094     -11.55900    
  5.117599     -11.69466    
  5.117625     -11.70794    
  5.118035     -11.70984    
  5.118061     -11.70995    
  5.118087     -11.71009    
  5.118232     -11.70984    
  5.118258     -11.68633    
  5.153493     -11.84149    
  5.153519     -11.83236    
  5.187234     -11.95388    
  5.187260     -11.95863    
  5.187559     -11.95837    
  5.187585     -11.95799    
  5.187614     -11.95781    
  5.187756     -11.95724    
  5.187782     -11.96084    
  5.251210     -12.16036    
  5.251236     -12.17481    
  5.251962     -12.18125    
  5.251988     -12.17999    
  5.252125     -12.17985    
  5.252151     -12.17935    
  5.311781     -12.37251    
  5.311807     -12.39100    
  5.311888     -12.39115    
  5.311914     -12.39124    
  5.312051     -12.39220    
  5.312078     -12.39291    
  5.368109     -12.56222    
  5.368135     -12.57682    
  5.420767     -12.75425    
  5.420793     -12.74877    
  5.470414     -12.89443    
  5.470440     -12.90142    
  5.517376     -13.06213    
  5.517402     -13.05905    
  5.561929     -13.18590    
  5.561955     -13.19808    
  5.604308     -13.29463    
  5.604334     -13.32302    
  5.644714     -13.42895    
  5.644741     -13.44268    
  6.106841     -14.65179    
  6.325622     -15.19590    
  6.578837     -15.84173    
  6.853829     -16.57745    
  7.141230     -17.37466    
  7.435282     -18.20976    
  7.732780     -19.08037    
  8.032034     -20.00610    
  8.332173     -21.06757    
  8.632756     -22.53952    
  8.933563    -100.00000    
