 0.3010300    -100.00000    
 0.3377762    -100.00000    
 0.3716543    -100.00000    
 0.4030798    -100.00000    
 0.4323841    -100.00000    
 0.4598353    -100.00000    
 0.4856542    -100.00000    
 0.5100238    -100.00000    
 0.5330983    -100.00000    
 0.5758661    -100.00000    
 0.6147973    -100.00000    
 0.6505239    -100.00000    
 0.6835336     -126.0778    
 0.6836205    -100.00000    
 0.6877806     -124.6644    
 0.6878675    -100.00000    
 0.6915526     -123.3157    
 0.6916395     -123.8766    
 0.6950104     -122.3751    
 0.6950973     -122.6173    
 0.6981461     -121.5931    
 0.6982330    -100.00000    
 0.7261908    -100.00000    
 0.7524571     -109.5912    
 0.7525440     -109.1843    
 0.7562379     -108.6177    
 0.7563249    -100.00000    
 0.7920506     -102.9837    
 0.7921375    -100.00000    
 0.8041548     -100.8690    
 0.8042417    -100.00000    
 0.8175258     -98.50248    
 0.8176127    -100.00000    
 0.8219208     -96.74930    
 0.8220077     -96.22603    
 0.8256567     -95.41078    
 0.8257436     -95.44565    
 0.8287159     -94.89963    
 0.8288028    -100.00000    
 0.8615534    -100.00000    
 0.8920064    -100.00000    
 0.9204633    -100.00000    
 0.9471696     -77.96626    
 0.9472565    -100.00000    
 0.9610380     -75.43734    
 0.9611249    -100.00000    
 0.9737119     -73.79227    
 0.9737988     -73.86251    
 0.9780201     -73.07999    
 0.9781070    -100.00000    
  1.002029    -100.00000    
  1.024702    -100.00000    
  1.066779    -100.00000    
  1.105137    -100.00000    
  1.140380    -100.00000    
  1.172977    -100.00000    
  1.203297    -100.00000    
  1.231638    -100.00000    
  1.258242     -42.29597    
  1.258328    -100.00000    
  1.281053     -38.90215    
  1.281140    -100.00000    
  1.305129     -34.72636    
  1.305216    -100.00000    
  1.326885     -28.48408    
  1.326972    -100.00000    
  1.346664     -26.33302    
  1.346750     -26.15318    
  1.351327     -25.70000    
  1.351414     -20.12448    
  1.390867     -19.43699    
  1.390954    -100.00000    
  1.403133     -17.59118    
  1.403220    -100.00000    
  1.416604    -100.00000    
  1.416691     -19.34470    
  1.442990    -100.00000    
  1.443077    -100.00000    
  1.465932     -17.46459    
  1.466019    -100.00000    
  1.499937     -19.18849    
  1.500023     -19.25731    
  1.524018     -18.59464    
  1.546755     -19.27135    
  1.546842     -19.32438    
  1.576102    -100.00000    
  1.576189    -100.00000    
  1.604747    -100.00000    
  1.604834     -15.53701    
  1.629405    -100.00000    
  1.629492    -100.00000    
  1.644043     -20.10435    
  1.644130     -21.23954    
  1.682575    -100.00000    
  1.717891     -23.40184    
  1.750550    -100.00000    
  1.780924     -19.86713    
  1.781011     -18.85406    
  1.805226    -100.00000    
  1.828161    -100.00000    
  1.870690     -18.36604    
  1.870777    -100.00000    
  1.902667     -17.16465    
  1.902754    -100.00000    
  1.913955     -16.55952    
  1.914042     -17.21082    
  1.926709     -16.27715    
  1.926796     -16.19404    
  1.953068     -15.43151    
  1.953155     -15.62383    
  1.971846     -14.65444    
  1.971933    -100.00000    
  1.992517     -13.60287    
  1.992604     -13.80879    
  1.993799     -13.76465    
  1.993886     -13.76049    
  1.994140     -13.75068    
  1.994227     -13.74910    
  1.996552     -13.66453    
  1.996639     -13.66008    
  1.997939     -13.60999    
  1.998026     -13.60324    
  2.005591     -13.44339    
  2.005678     -13.41066    
  2.007421     -13.34184    
  2.007508     -13.33862    
  2.009188     -13.27714    
  2.009275     -13.30746    
  2.018284     -13.04057    
  2.018371     -13.27286    
  2.036803     -12.41705    
  2.036890     -12.39214    
  2.048114     -12.02379    
  2.048201     -12.03841    
  2.054775     -11.77813    
  2.054862     -11.76767    
  2.054945     -11.76504    
  2.055032     -11.77479    
  2.061043     -11.56915    
  2.061130     -11.67908    
  2.077530     -11.09391    
  2.077617     -11.10827    
  2.095496     -10.53309    
  2.095583     -10.53719    
  2.095978     -10.54183    
  2.096065     -10.54442    
  2.097304     -10.64679    
  2.097391     -10.44597    
  2.101519     -10.27431    
  2.101605     -10.35509    
  2.102584     -10.49301    
  2.102671     -10.47522    
  2.105167     -10.40269    
  2.105254     -10.40210    
  2.105825     -10.38768    
  2.105912     -10.38532    
  2.106101     -10.38038    
  2.106187     -10.39747    
  2.111419     -10.22598    
  2.111506     -10.21554    
  2.111595     -10.21258    
  2.111941     -10.19912    
  2.112028     -10.19468    
  2.113272     -10.14343    
  2.113359     -10.08836    
  2.119223     -10.98160    
  2.119310     -10.58310    
  2.124229     -10.40295    
  2.124316     -10.50600    
  2.137486     -10.12374    
  2.137573     -9.986450    
  2.138137     -10.14489    
  2.138224     -10.10506    
  2.144616     -10.17970    
  2.144703     -10.30017    
  2.148559     -9.933084    
  2.148646     -9.735327    
  2.149371     -9.825803    
  2.149458     -9.860549    
  2.150293     -9.999822    
  2.150380     -10.00048    
  2.150508     -10.02355    
  2.156741     -9.779545    
  2.156827     -9.899789    
  2.158960     -9.829631    
  2.159047     -9.922395    
  2.168055     -9.408069    
  2.168141     -9.547595    
  2.176999     -9.447196    
  2.177086     -9.390948    
  2.177604     -9.348081    
  2.177690     -9.295136    
  2.181731     -9.459254    
  2.181818     -9.431416    
  2.186421     -9.228107    
  2.186508     -9.165159    
  2.188445     -9.201597    
  2.188532     -9.281203    
  2.190396     -9.227395    
  2.190483     -9.240538    
  2.195516     -9.026970    
  2.195603     -9.121382    
  2.199585     -8.899886    
  2.199672     -8.867941    
  2.202362     -8.926761    
  2.202449     -8.838748    
  2.204170     -8.914239    
  2.204257     -8.883395    
  2.204346     -8.870011    
  2.205094     -8.848478    
  2.205181     -8.869560    
  2.209936     -8.822630    
  2.210023     -8.767312    
  2.210268     -8.748396    
  2.210355     -8.753154    
  2.216612     -8.703445    
  2.216699     -8.590149    
  2.217837     -8.631724    
  2.217924     -8.627429    
  2.218030     -8.627989    
  2.218315     -8.635124    
  2.218402     -8.639067    
  2.218688     -8.656000    
  2.218775     -8.663543    
  2.219271     -8.695436    
  2.219358     -8.731003    
  2.224988     -8.633897    
  2.230546     -8.611031    
  2.230633     -8.523523    
  2.232419     -8.371805    
  2.232506     -8.419361    
  2.234695     -8.478397    
  2.234781     -8.424220    
  2.238733     -8.901280    
  2.238820     -8.427354    
  2.239617     -8.041581    
  2.239704     -7.942289    
  2.242430     -8.295026    
  2.242517     -8.193599    
  2.243604     -8.246932    
  2.243691     -8.276660    
  2.244315     -8.308162    
  2.244401     -8.302305    
  2.245345     -8.250314    
  2.245432     -8.278261    
  2.247906     -8.224273    
  2.247993     -8.220061    
  2.248802     -8.249188    
  2.248889     -8.250884    
  2.250721     -8.303379    
  2.250808     -8.376561    
  2.253696     -8.186845    
  2.253782     -8.120999    
  2.257129     -8.131650    
  2.260450     -8.165552    
  2.263745     -8.154543    
  2.267016     -7.950013    
  2.267103     -7.961239    
  2.270490     -7.907863    
  2.270577     -7.914181    
  2.271628     -7.917919    
  2.271715     -7.915681    
  2.271808     -7.914885    
  2.271895     -7.925267    
  2.273734     -7.939024    
  2.273821     -7.916535    
  2.275818     -7.945124    
  2.275905     -8.137857    
  2.278025     -7.685954    
  2.278112     -7.732643    
  2.280242     -7.831618    
  2.280329     -7.809934    
  2.283804     -7.756158    
  2.283891     -7.740279    
  2.285233     -7.777342    
  2.285319     -7.813591    
  2.286288     -7.819111    
  2.286375     -7.817835    
  2.286786     -7.818230    
  2.286873     -7.810850    
  2.288852     -7.983390    
  2.290821     -7.584974    
  2.292782     -7.527642    
  2.294734     -7.406920    
  2.294821     -7.275149    
  2.296405     -7.339739    
  2.297982     -7.262143    
  2.298069     -7.466868    
  2.299479     -7.635836    
  2.299566     -7.481134    
  2.301073     -7.483814    
  2.302574     -7.463495    
  2.302661     -7.453686    
  2.304373     -7.368118    
  2.306078     -7.421116    
  2.306165     -7.389594    
  2.307390     -7.372332    
  2.308611     -7.274461    
  2.308698     -7.267844    
  2.310160     -7.327188    
  2.311618     -7.475831    
  2.313070     -7.313734    
  2.314517     -7.289456    
  2.314604     -7.281339    
  2.314992     -7.263285    
  2.315079     -7.253326    
  2.316338     -7.206447    
  2.317594     -7.243854    
  2.317681     -7.241658    
  2.318442     -7.237445    
  2.318529     -7.236582    
  2.319095     -7.242336    
  2.319182     -7.235696    
  2.320153     -7.286376    
  2.321122     -7.401748    
  2.322090     -7.060162    
  2.323055     -7.095828    
  2.323141     -7.075795    
  2.324207     -7.088803    
  2.324294     -7.109297    
  2.325157     -7.216231    
  2.326019     -7.058277    
  2.326878     -7.033512    
  2.327736     -7.045555    
  2.327823     -7.038170    
  2.328799     -7.055436    
  2.329773     -7.022297    
  2.330745     -7.008864    
  2.331714     -6.990316    
  2.331801     -6.951317    
  2.333101     -6.972485    
  2.333188     -6.971313    
  2.333883     -6.972531    
  2.334577     -7.070627    
  2.334664     -7.099786    
  2.334777     -7.162699    
  2.335565     -7.023606    
  2.336352     -6.931368    
  2.336439     -6.999610    
  2.337594     -6.978437    
  2.338747     -6.903695    
  2.338833     -6.917312    
  2.339406     -6.912122    
  2.339977     -6.905698    
  2.340548     -6.899198    
  2.341118     -6.890046    
  2.341205     -6.888577    
  2.341283     -6.887402    
  2.341370     -6.886165    
  2.341472     -6.884953    
  2.342517     -6.873192    
  2.342604     -6.871510    
  2.343168     -6.863114    
  2.343730     -6.854179    
  2.344292     -6.844797    
  2.344853     -6.834569    
  2.344940     -6.831993    
  2.345929     -6.828163    
  2.346916     -6.821919    
  2.347408     -6.811010    
  2.347900     -6.795720    
  2.348391     -6.782383    
  2.348882     -6.775560    
  2.348969     -6.775833    
  2.349884     -6.764223    
  2.349971     -6.762648    
  2.350040     -6.761682    
  2.350127     -6.760485    
  2.350356     -6.757515    
  2.350443     -6.755964    
  2.351189     -6.749118    
  2.351935     -6.764265    
  2.352679     -6.752285    
  2.353421     -6.703604    
  2.353508     -6.703075    
  2.353983     -6.691180    
  2.354070     -6.689287    
  2.354572     -6.679076    
  2.355074     -6.674495    
  2.355575     -6.667565    
  2.356075     -6.659392    
  2.356162     -6.657891    
  2.356654     -6.641597    
  2.357144     -6.622608    
  2.357197     -6.621125    
  2.357284     -6.618821    
  2.357504     -6.614048    
  2.357582     -6.612456    
  2.357669     -6.610718    
  2.357776     -6.608443    
  2.357863     -6.607162    
  2.360104     -6.561245    
  2.360191     -6.545248    
  2.360658     -6.526570    
  2.360745     -6.561011    
  2.361452     -6.326398    
  2.361539     -6.219596    
  2.368688     -6.113767    
  2.368775     -6.630393    
  2.370531     -5.676461    
  2.370618     -5.932895    
  2.372112     -5.768561    
  2.372199     -5.858434    
  2.373546     -5.703304    
  2.373633     -5.677241    
  2.374238     -5.925143    
  2.374325     -6.034581    
  2.375943     -5.413947    
  2.376030     -5.462573    
  2.376702     -5.437354    
  2.376789     -5.440567    
  2.377839     -5.408709    
  2.377925     -5.332317    
  2.381401     -5.769654    
  2.381488     -5.616769    
  2.381574     -5.601147    
  2.381660     -5.592727    
  2.381989     -5.350224    
  2.382076     -5.028474    
  2.384666     -4.980908    
  2.384753     -4.972465    
  2.387126     -5.161868    
  2.387213     -5.040128    
  2.387306     -4.795165    
  2.397727     -5.110523    
  2.397814     -5.326966    
  2.403706     -4.203190    
  2.403793     -4.592872    
  2.405819     -4.385450    
  2.405905     -4.301658    
  2.406920     -4.318262    
  2.407007     -4.502206    
  2.409345     -4.178673    
  2.409431     -4.161670    
  2.409967     -4.095779    
  2.410054     -4.087172    
  2.411501     -4.280347    
  2.411588     -4.056957    
  2.413098     -4.340019    
  2.413185     -4.871330    
  2.414109     -4.410384    
  2.414195     -4.348565    
  2.414769     -4.361673    
  2.414856     -4.491536    
  2.415923     -3.989699    
  2.416010     -3.865555    
  2.417228     -3.924804    
  2.417315     -3.988929    
  2.417448     -4.016399    
  2.417535     -4.095537    
  2.419904     -4.390109    
  2.419991     -4.185865    
  2.429013     -4.275557    
  2.429100     -4.660177    
  2.429782     -4.484464    
  2.429869     -4.448978    
  2.429998     -4.675638    
  2.433514     -4.145219    
  2.433601     -4.167132    
  2.434762     -4.281138    
  2.434849     -4.198850    
  2.435570     -4.103400    
  2.435657     -4.227699    
  2.438099     -4.017361    
  2.438186     -3.913135    
  2.438744     -4.071669    
  2.438831     -4.287964    
  2.441087     -3.917058    
  2.441174     -3.974763    
  2.441592     -3.991246    
  2.441679     -4.065862    
  2.443115     -3.844021    
  2.443202     -3.716070    
  2.446825     -4.277726    
  2.446912     -4.220641    
  2.448046     -4.530129    
  2.448133     -4.820230    
  2.449372     -4.593201    
  2.449459     -5.227539    
  2.454772     -3.831537    
  2.454858     -3.892062    
  2.455189     -3.868000    
  2.455276     -3.860643    
  2.455685     -3.847779    
  2.455772     -3.850524    
  2.456026     -3.873665    
  2.456113     -3.879304    
  2.457105     -4.509327    
  2.457192     -4.479544    
  2.459329     -4.173089    
  2.459416     -4.215557    
  2.460202     -4.240544    
  2.460288     -4.244978    
  2.460594     -4.251603    
  2.460681     -4.257609    
  2.461170     -4.226955    
  2.461257     -4.206396    
  2.461593     -4.107638    
  2.461680     -4.132430    
  2.465051     -3.865273    
  2.465138     -4.240232    
  2.466286     -5.456317    
  2.466372     -4.976025    
  2.466976     -4.942888    
  2.467064     -5.187457    
  2.469819     -4.818430    
  2.469906     -4.514487    
  2.470839     -4.681808    
  2.470926     -4.815449    
  2.471129     -4.946531    
  2.471216     -4.989066    
  2.471342     -5.037063    
  2.471561     -5.064136    
  2.471648     -5.061238    
  2.471828     -5.064210    
  2.471915     -5.178584    
  2.473908     -5.137024    
  2.473994    -100.00000    
  2.476442     -4.195135    
  2.476529     -4.139699    
  2.476628     -4.161300    
  2.476715     -4.190225    
  2.476977     -4.357812    
  2.477064    -100.00000    
  2.479546     -3.784334    
  2.479633     -3.860410    
  2.483465     -5.580389    
  2.483551     -4.325099    
  2.483824     -4.371744    
  2.483911     -4.380419    
  2.484130     -4.361750    
  2.484217     -4.337513    
  2.484268     -4.322371    
  2.484354     -4.294019    
  2.484441     -4.263826    
  2.484517     -4.238034    
  2.484604     -4.101851    
  2.487037     -4.802655    
  2.487124     -5.724944    
  2.489009     -4.181609    
  2.489096     -4.128695    
  2.490956     -3.818464    
  2.491043     -4.104317    
  2.491399     -4.542088    
  2.491486     -4.642469    
  2.493234     -4.581319    
  2.493321     -4.749410    
  2.493799     -4.658967    
  2.493886     -4.616301    
  2.494448     -4.194395    
  2.494536     -4.021310    
  2.496107     -3.974785    
  2.496194     -4.264821    
  2.497233     -4.469890    
  2.497320     -4.337053    
  2.497678     -4.340920    
  2.497765     -4.359092    
  2.498024     -4.398602    
  2.498111     -4.409502    
  2.498423     -4.430695    
  2.498510     -4.438318    
  2.499274     -4.509255    
  2.499360     -4.236683    
  2.501903     -4.030596    
  2.501990     -4.087020    
  2.503920     -4.543438    
  2.504007     -4.297453    
  2.504069     -4.283767    
  2.504156     -4.283721    
  2.506191     -3.907196    
  2.506278     -3.877144    
  2.506857     -3.846565    
  2.506943     -3.868558    
  2.507046     -3.886245    
  2.507133     -3.905236    
  2.507203     -3.922603    
  2.507290     -4.106320    
  2.508906     -3.752435    
  2.508970     -3.681947    
  2.509057     -3.639502    
  2.509821     -3.623020    
  2.509908     -3.670777    
  2.510022     -3.707762    
  2.510109     -3.742217    
  2.510346     -3.858206    
  2.510433     -4.040909    
  2.511756     -3.927149    
  2.511843     -3.862018    
  2.512347     -3.782886    
  2.512434     -3.856352    
  2.514176     -3.723405    
  2.514263     -3.534092    
  2.515486     -3.474683    
  2.515573     -3.507527    
  2.515719     -3.523612    
  2.515805     -3.536225    
  2.515872     -3.547382    
  2.515959     -3.563528    
  2.516706     -3.801108    
  2.516793     -3.808526    
  2.516943     -3.821917    
  2.517030     -3.822835    
  2.517941     -3.651310    
  2.518028     -3.665963    
  2.518445     -3.667545    
  2.518532     -3.668338    
  2.519341     -3.488030    
  2.519428     -3.559474    
  2.523428     -3.674650    
  2.523515     -3.934874    
  2.526015     -3.582541    
  2.528500     -3.741800    
  2.528587     -4.030660    
  2.532615     -3.731234    
  2.532701     -3.765880    
  2.533833     -3.641962    
  2.533920     -3.525299    
  2.536637     -3.577085    
  2.539337     -3.562215    
  2.539424     -3.574796    
  2.542470     -3.770424    
  2.542557     -3.769003    
  2.544686     -3.781302    
  2.544773     -3.829441    
  2.546808     -3.660242    
  2.546895     -3.647169    
  2.547329     -3.623521    
  2.547416     -3.619444    
  2.547523     -3.586807    
  2.551118     -3.577218    
  2.551204     -3.604630    
  2.551758     -3.646509    
  2.551845     -3.766893    
  2.555494     -3.736215    
  2.555581     -3.597148    
  2.558382     -3.545989    
  2.558469     -3.539363    
  2.558869     -3.553817    
  2.558956     -3.574283    
  2.562334     -3.644700    
  2.562421     -3.778483    
  2.562678     -3.805892    
  2.562765     -3.809678    
  2.565530     -3.699604    
  2.568277     -3.992166    
  2.568364     -3.697100    
  2.568456     -3.683426    
  2.568710     -3.694017    
  2.568797     -3.859893    
  2.571315     -3.540492    
  2.571402     -3.558016    
  2.571490     -3.557877    
  2.571576     -3.532612    
  2.573817     -3.622879    
  2.576046     -3.529108    
  2.576133     -3.814804    
  2.579478     -3.711618    
  2.582797     -3.706957    
  2.582884     -3.714293    
  2.584935     -3.876446    
  2.585022     -4.073674    
  2.586210     -3.894057    
  2.586297     -3.796440    
  2.587630     -3.680712    
  2.587717     -3.714535    
  2.588253     -3.854579    
  2.588340     -3.988363    
  2.589414     -4.716494    
  2.589501     -4.333135    
  2.590598     -4.203888    
  2.590685     -4.494797    
  2.594997     -3.942092    
  2.595084     -3.755700    
  2.596260     -3.974787    
  2.596347     -3.842092    
  2.599412     -4.227213    
  2.599499     -4.118098    
  2.600919     -3.970142    
  2.601006     -4.064396    
  2.604635     -3.565304    
  2.604722     -3.605741    
  2.606239     -3.772447    
  2.606326     -3.871385    
  2.607057     -3.977673    
  2.607144     -3.961952    
  2.607237     -3.960151    
  2.607324     -3.955869    
  2.607391     -3.950871    
  2.607478     -3.942224    
  2.607553     -3.933042    
  2.607640     -3.920695    
  2.607709     -3.909868    
  2.607796     -3.904876    
  2.608791     -3.713587    
  2.608878     -3.629937    
  2.612274     -3.644394    
  2.612361     -3.713269    
  2.614332     -3.728283    
  2.614419     -3.717157    
  2.617047     -3.647879    
  2.619659     -3.564120    
  2.619746     -3.521311    
  2.620779     -3.508302    
  2.620859     -3.505099    
  2.620946     -3.490648    
  2.621962     -3.537249    
  2.622049     -3.600710    
  2.625471     -4.025114    
  2.625557     -3.894977    
  2.626297     -3.859145    
  2.626384     -3.834800    
  2.627024     -3.853409    
  2.627111     -3.822516    
  2.630159     -3.709836    
  2.633186     -3.631204    
  2.633273     -3.663804    
  2.633585     -3.703493    
  2.633672     -3.744541    
  2.634830     -3.817922    
  2.634917     -3.770141    
  2.637233     -3.601385    
  2.637320     -3.560529    
  2.640636     -3.593847    
  2.640723     -3.544215    
  2.642655     -3.724230    
  2.644578     -3.493713    
  2.644665     -3.519948    
  2.646762     -3.696039    
  2.646849     -3.741213    
  2.648478     -3.495453    
  2.648565     -3.541007    
  2.650315     -3.511116    
  2.652023     -3.523139    
  2.652110     -3.543188    
  2.652505     -3.578217    
  2.652592     -3.599577    
  2.653758     -3.635231    
  2.653845     -3.609933    
  2.655848     -3.519939    
  2.655935     -3.525058    
  2.656856     -3.511965    
  2.656938     -3.514417    
  2.657025     -3.514795    
  2.657293     -3.515949    
  2.657380     -3.516168    
  2.657499     -3.516381    
  2.657586     -3.515836    
  2.658483     -3.520471    
  2.658570     -3.523351    
  2.659789     -3.528048    
  2.659876     -3.522795    
  2.660991     -3.513493    
  2.661078     -3.515108    
  2.661711     -3.519841    
  2.661798     -3.522632    
  2.662838     -3.518458    
  2.662925     -3.517396    
  2.663187     -3.519373    
  2.663274     -3.518432    
  2.664415     -3.570313    
  2.664502     -3.572995    
  2.664912     -3.579329    
  2.664998     -3.575867    
  2.667293     -3.525286    
  2.669576     -3.512211    
  2.670713     -3.600011    
  2.671847     -3.710280    
  2.672978     -3.506069    
  2.674106     -3.529259    
  2.674193     -3.534564    
  2.675371     -3.540471    
  2.675458     -3.535302    
  2.676824     -3.529076    
  2.676911     -3.528951    
  2.677751     -3.527490    
  2.677838     -3.527908    
  2.679280     -3.529128    
  2.680718     -3.528198    
  2.682150     -3.528332    
  2.683578     -3.529621    
  2.683665     -3.529970    
  2.684647     -3.530982    
  2.685620     -3.532321    
  2.685707     -3.533319    
  2.685826     -3.534271    
  2.685913     -3.535137    
  2.685988     -3.535994    
  2.686075     -3.537130    
  2.686520     -3.543444    
  2.686607     -3.546482    
  2.687604     -3.535600    
  2.688599     -3.535217    
  2.688686     -3.532905    
  2.689773     -3.553403    
  2.690857     -3.573293    
  2.690927     -3.567765    
  2.691014     -3.568269    
  2.692103     -3.545798    
  2.693191     -3.559635    
  2.693278     -3.554870    
  2.694066     -3.551163    
  2.694852     -3.546944    
  2.694939     -3.542720    
  2.695869     -3.541912    
  2.696798     -3.544774    
  2.697724     -3.545951    
  2.698186     -3.546248    
  2.698648     -3.548354    
  2.698717     -3.548777    
  2.698803     -3.549271    
  2.699142     -3.550232    
  2.699229     -3.550302    
  2.699707     -3.549090    
  2.700184     -3.547889    
  2.700271     -3.547933    
  2.700487     -3.548023    
  2.700532     -3.548086    
  2.700619     -3.548089    
  2.701117     -3.549652    
  2.701615     -3.553268    
  2.702113     -3.555327    
  2.702610     -3.554311    
  2.702697     -3.554481    
  2.704233     -3.552115    
  2.704319     -3.552088    
  2.704748     -3.552862    
  2.704835     -3.553100    
  2.705119     -3.553763    
  2.705206     -3.554225    
  2.706323     -3.554795    
  2.706410     -3.554481    
  2.707308     -3.556239    
  2.707395     -3.556512    
  2.708213     -3.558203    
  2.708300     -3.558724    
  2.708352     -3.559020    
  2.708438     -3.553112    
  2.709271     -3.597206    
  2.709358     -3.620184    
  2.710035     -3.827424    
  2.710122     -3.832267    
  2.712230     -3.508626    
  2.712317     -3.564941    
  2.716395     -3.573081    
  2.716481     -3.575394    
  2.716568     -3.562657    
  2.718970     -3.609674    
  2.721359     -3.562382    
  2.721446     -3.572192    
  2.721792     -3.573421    
  2.721879     -3.545782    
  2.724957     -3.658814    
  2.725044     -3.777261    
  2.725129     -3.791790    
  2.725216     -3.800661    
  2.725341     -3.805226    
  2.725680     -3.729518    
  2.725742     -3.704875    
  2.725829     -3.621860    
  2.727523     -3.569638    
  2.727610     -3.591769    
  2.728146     -3.598894    
  2.728233     -3.597479    
  2.728368     -3.595798    
  2.728455     -3.589150    
  2.730036     -3.580157    
  2.730123     -3.583053    
  2.733154     -3.587470    
  2.733241     -3.588472    
  2.734161     -3.593805    
  2.734248     -3.596048    
  2.735898     -3.594771    
  2.735985     -3.593383    
  2.736079     -3.592558    
  2.737059     -3.592186    
  2.737146     -3.592628    
  2.738167     -3.594474    
  2.738254     -3.594969    
  2.738743     -3.596794    
  2.738830     -3.596636    
  2.740300     -3.597846    
  2.740387     -3.600946    
  2.741620     -3.600099    
  2.741707     -3.599107    
  2.742458     -3.600153    
  2.742545     -3.600512    
  2.742815     -3.601363    
  2.742902     -3.602758    
  2.744731     -3.643404    
  2.744818     -3.605341    
  2.746940     -3.612306    
  2.747027     -3.848674    
  2.749427     -3.675461    
  2.751800     -3.609025    
  2.751887     -3.608009    
  2.752080     -3.608592    
  2.752167     -3.609068    
  2.753428     -3.612672    
  2.753515     -3.612143    
  2.754509     -3.615110    
  2.754596     -3.615657    
  2.754850     -3.616340    
  2.754937     -3.615853    
  2.756686     -3.618850    
  2.756772     -3.621854    
  2.758474     -3.621786    
  2.758561     -3.621225    
  2.759027     -3.622160    
  2.759113     -3.622346    
  2.759268     -3.622613    
  2.759355     -3.622744    
  2.759554     -3.623011    
  2.759641     -3.623122    
  2.759721     -3.623226    
  2.759808     -3.623341    
  2.759911     -3.623480    
  2.759997     -3.623649    
  2.760747     -3.624351    
  2.760833     -3.624075    
  2.762307     -3.626243    
  2.762394     -3.626456    
  2.763464     -3.630642    
  2.763551     -3.631088    
  2.764577     -3.630299    
  2.764664     -3.630583    
  2.764760     -3.630763    
  2.764847     -3.631034    
  2.765400     -3.631782    
  2.765487     -3.631677    
  2.765755     -3.631648    
  2.765842     -3.631447    
  2.766689     -3.633401    
  2.766776     -3.634190    
  2.767568     -3.636682    
  2.767655     -3.636280    
  2.768785     -3.635774    
  2.768842     -3.636072    
  2.768929     -3.636150    
  2.769216     -3.636458    
  2.769303     -3.634993    
  2.770795     -3.645050    
  2.770882     -3.650266    
  2.772541     -3.639400    
  2.772628     -3.641248    
  2.775841     -3.646448    
  2.775928     -3.645604    
  2.777541     -3.649355    
  2.777628     -3.623543    
  2.781421     -3.744319    
  2.781508     -3.908881    
  2.783749     -3.662130    
  2.783836     -3.657603    
  2.784654     -3.661006    
  2.784741     -3.673440    
  2.786316     -3.669790    
  2.786403     -3.593825    
  2.789348     -3.983963    
  2.789435     -3.889461    
  2.792054     -3.609055    
  2.792141     -3.672255    
  2.795962     -3.855128    
  2.796049     -3.715141    
  2.799020     -3.703841    
  2.799107     -4.342388    
  2.799300    -100.00000    
  2.799387    -100.00000    
  2.799738    -100.00000    
  2.799825     -5.079443    
  2.800016     -4.627722    
  2.800103     -4.574329    
  2.800654     -4.581521    
  2.800741     -4.499320    
  2.801158     -4.365463    
  2.801245     -4.350570    
  2.801475     -4.244281    
  2.801562     -4.188900    
  2.802951     -3.801942    
  2.803038     -3.777424    
  2.805926     -3.557226    
  2.808794     -3.682462    
  2.811643     -3.697063    
  2.814474     -3.705238    
  2.814561     -3.705517    
  2.815775     -3.709523    
  2.815862     -3.711609    
  2.816430     -3.729344    
  2.816517     -3.734421    
  2.817018     -3.739125    
  2.817105     -3.723366    
  2.819346     -3.712755    
  2.821577     -3.713471    
  2.823795     -3.820456    
  2.826003     -3.868482    
  2.826090     -3.741046    
  2.829613     -3.731841    
  2.829700     -3.735716    
  2.832995     -3.740694    
  2.833082     -3.743584    
  2.833507     -3.742811    
  2.833594     -3.740865    
  2.836249     -3.745010    
  2.836336     -3.745601    
  2.836442     -3.746133    
  2.836529     -3.746298    
  2.836997     -3.752602    
  2.837085     -3.765507    
  2.839377     -3.756568    
  2.839464     -3.755581    
  2.840418     -3.788935    
  2.840505     -3.775269    
  2.844111     -3.750278    
  2.844198     -3.758364    
  2.844722     -3.759044    
  2.844809     -3.759178    
  2.845614     -3.761299    
  2.845701     -3.761842    
  2.845992     -3.766038    
  2.846079     -3.768347    
  2.846320     -3.780520    
  2.846407     -3.784262    
  2.846929     -3.867082    
  2.847016     -3.917815    
  2.850284     -3.730997    
  2.850371     -3.774888    
  2.851107     -3.907443    
  2.851194     -3.946863    
  2.851272     -3.971214    
  2.851359     -3.999415    
  2.851605     -4.039015    
  2.851692     -4.033915    
  2.852969     -3.738865    
  2.853056     -3.771647    
  2.853657     -3.777445    
  2.853744     -3.743692    
  2.856721     -4.040657    
  2.856808     -3.795672    
  2.859716     -3.785538    
  2.859803     -3.790426    
  2.863196     -3.796942    
  2.863283     -3.796907    
  2.864011     -3.799114    
  2.864097     -3.798974    
  2.864172     -3.798965    
  2.864259     -3.798915    
  2.864857     -3.798007    
  2.864944     -3.796218    
  2.866961     -3.806014    
  2.867048     -3.808813    
  2.869268     -3.803953    
  2.871477     -3.810391    
  2.871560     -3.810907    
  2.871647     -3.811296    
  2.871966     -3.812433    
  2.872053     -3.813331    
  2.874328     -3.818943    
  2.874415     -3.817024    
  2.874725     -3.816915    
  2.874812     -3.816270    
  2.876643     -3.825779    
  2.876730     -3.824214    
  2.877123     -3.822554    
  2.877210     -3.820342    
  2.879985     -3.849467    
  2.880072     -3.830225    
  2.880543     -3.825736    
  2.880630     -3.836843    
  2.882313     -3.854033    
  2.882400     -3.851980    
  2.882670     -3.869393    
  2.882757     -4.069173    
  2.886654     -3.888154    
  2.886741     -3.753114    
  2.887555     -3.973581    
  2.887642     -4.094000    
  2.888507     -4.225826    
  2.888593     -4.049324    
  2.889314     -3.823284    
  2.889401     -3.834705    
  2.891964     -3.863348    
  2.892051     -3.853802    
  2.893704     -4.121401    
  2.893791     -4.029349    
  2.894071     -3.938195    
  2.894158     -3.884520    
  2.895095     -3.842411    
  2.895182     -3.866967    
  2.895490     -3.902649    
  2.895577     -3.948002    
  2.896767     -4.198733    
  2.896854     -4.037439    
  2.897543     -3.884121    
  2.897630     -3.882858    
  2.897787     -3.871062    
  2.897874     -3.808140    
  2.900589     -4.284455    
  2.900676     -4.079151    
  2.901336     -4.134058    
  2.901423     -4.179162    
  2.905026     -3.797044    
  2.905113     -3.871433    
  2.905548     -3.872412    
  2.905635     -3.866560    
  2.907854     -3.905943    
  2.907941     -3.929576    
  2.908098     -3.950918    
  2.908185     -3.965603    
  2.908477     -4.014867    
  2.908564     -4.056434    
  2.909420     -3.945178    
  2.909507     -3.906938    
  2.910090     -3.874670    
  2.910176     -3.883131    
  2.913205     -3.889421    
  2.916212     -3.903035    
  2.916299     -3.908150    
  2.916527     -3.912196    
  2.916614     -3.913177    
  2.916785     -3.913826    
  2.916872     -3.913625    
  2.917171     -3.909249    
  2.917258     -3.906186    
  2.917915     -3.898226    
  2.918002     -3.900250    
  2.921765     -3.908067    
  2.921852     -3.900063    
  2.925029     -3.934005    
  2.925116     -3.995295    
  2.925683     -4.150128    
  2.925770     -4.156394    
  2.925849     -4.161732    
  2.925936     -4.159303    
  2.926028     -4.101512    
  2.927554     -3.876972    
  2.927641     -3.920101    
  2.927759     -3.920951    
  2.927950     -3.921124    
  2.928037     -3.920601    
  2.928671     -3.921742    
  2.928758     -3.922266    
  2.929127     -3.922882    
  2.929213     -3.922948    
  2.929524     -3.923436    
  2.929611     -3.923608    
  2.929967     -3.924228    
  2.930054     -3.924368    
  2.930245     -3.924713    
  2.930332     -3.924878    
  2.930644     -3.925644    
  2.930731     -3.925903    
  2.930963     -3.926689    
  2.931050     -3.926953    
  2.931424     -3.929172    
  2.931511     -3.929111    
  2.932654     -3.951968    
  2.932741     -3.945183    
  2.934646     -3.929690    
  2.934733     -3.933463    
  2.935353     -3.974131    
  2.935440     -4.042812    
  2.936807     -4.208499    
  2.936894     -4.047654    
  2.937412     -3.938715    
  2.937499     -3.941105    
  2.937612     -3.939111    
  2.939332     -3.945396    
  2.939418     -3.945056    
  2.942728     -3.959238    
  2.942815     -3.951006    
  2.943758     -3.957249    
  2.943845     -3.959676    
  2.944074     -3.964506    
  2.944161     -3.966633    
  2.944269     -3.969191    
  2.944356     -3.975129    
  2.945266     -3.968795    
  2.945353     -3.963561    
  2.945461     -3.961501    
  2.945548     -3.959196    
  2.946266     -3.959376    
  2.946353     -3.960204    
  2.946687     -3.960642    
  2.946746     -3.960643    
  2.946833     -3.960521    
  2.950770     -3.969027    
  2.950857     -3.969140    
  2.950995     -3.969441    
  2.951082     -3.969650    
  2.951184     -3.969914    
  2.951271     -3.970157    
  2.951374     -3.970463    
  2.951710     -3.971518    
  2.951797     -3.971873    
  2.952601     -3.973628    
  2.952688     -3.973453    
  2.953750     -3.975577    
  2.953837     -3.976248    
  2.953990     -3.976943    
  2.954077     -3.977357    
  2.954344     -3.978480    
  2.954431     -3.978825    
  2.954816     -3.979597    
  2.954903     -3.979544    
  2.955739     -3.979649    
  2.955826     -3.979952    
  2.956162     -3.980861    
  2.956249     -3.981156    
  2.956346     -3.981466    
  2.956433     -3.981759    
  2.956822     -3.982756    
  2.956909     -3.982929    
  2.957598     -3.983926    
  2.957685     -3.984050    
  2.957790     -3.984174    
  2.958414     -3.985515    
  2.958501     -3.985833    
  2.958622     -3.986246    
  2.958702     -3.986563    
  2.958789     -3.986906    
  2.959196     -3.989016    
  2.959269     -3.989421    
  2.959356     -3.989868    
  2.959481     -3.990455    
  2.959568     -3.990814    
  2.959642     -3.991091    
  2.959729     -3.991376    
  2.959837     -3.991677    
  2.959924     -3.991940    
  2.960694     -3.993227    
  2.960781     -3.993226    
  2.961021     -3.993215    
  2.961108     -3.993152    
  2.961209     -3.996948    
  2.963780     -3.986157    
  2.963867     -3.929714    
  2.965318     -3.884951    
  2.965405     -3.938490    
  2.965574     -3.960086    
  2.965661     -3.960132    
  2.969227     -4.066669    
  2.969314     -4.280117    
  2.969775     -4.316566    
  2.969862     -4.052118    
  2.973340     -3.861547    
  2.973427     -3.874205    
  2.975728     -3.960590    
  2.975815     -4.137690    
  2.976171     -4.321970    
  2.976258     -4.127001    
  2.978818     -3.857672    
  2.981363     -3.887943    
  2.981450     -3.957952    
  2.981881     -4.011408    
  2.981968     -4.017747    
  2.982423     -3.967766    
  2.982509     -3.942693    
  2.982872     -3.886227    
  2.982959     -3.899221    
  2.985874     -3.960539    
  2.988770     -3.881844    
  2.991646     -3.984527    
  2.994503     -3.914976    
  2.997342     -3.923468    
  3.000163     -3.995243    
  3.002965     -3.963561    
  3.005749     -3.948163    
  3.005836     -3.944610    
  3.006630     -3.944156    
  3.006717     -3.949433    
  3.007954     -3.957486    
  3.008041     -3.957688    
  3.008392     -3.962970    
  3.008479     -3.967980    
  3.010859     -3.945378    
  3.010946     -3.955296    
  3.013057     -3.958552    
  3.013144     -3.958016    
  3.013729     -3.961708    
  3.013816     -3.960250    
  3.016122     -4.054094    
  3.018416     -4.190819    
  3.020698     -3.904245    
  3.022969     -3.973720    
  3.023055     -3.968067    
  3.024662     -3.973907    
  3.024749     -3.975005    
  3.028439     -3.988111    
  3.028494     -4.002463    
  3.028581     -3.987185    
  3.032876     -4.012691    
  3.032963     -4.000496    
  3.036875     -4.001604    
  3.040752     -4.101938    
  3.040839     -4.030244    
  3.041101     -4.025918    
  3.041162     -4.026824    
  3.041249     -4.028249    
  3.041713     -4.026909    
  3.041799     -4.016211    
  3.043740     -4.035079    
  3.043827     -4.028688    
  3.047060     -4.036962    
  3.050270     -4.033116    
  3.053456     -4.090990    
  3.056619     -4.201636    
  3.056706     -4.200845    
  3.057754     -4.051330    
  3.057841     -4.060109    
  3.061408     -4.075859    
  3.064946     -4.087694    
  3.068455     -4.095302    
  3.071937     -4.132061    
  3.072024     -4.161022    
  3.074334     -4.109268    
  3.076631     -4.114101    
  3.078917     -4.116041    
  3.081191     -4.121889    
  3.081278     -4.122151    
  3.083519     -4.130614    
  3.085748     -4.135980    
  3.085835     -4.133900    
  3.088164     -4.160463    
  3.088251     -4.290239    
  3.091849     -4.140511    
  3.091936     -4.157705    
  3.092346     -4.157701    
  3.092433     -4.157300    
  3.092941     -4.158057    
  3.093028     -4.159262    
  3.093146     -4.160262    
  3.093327     -4.169249    
  3.093414     -4.195022    
  3.093732     -4.251639    
  3.093819     -4.250571    
  3.096179     -4.173695    
  3.096266     -4.312139    
  3.099391     -4.207713    
  3.099477     -4.144414    
  3.099969     -4.160286    
  3.100056     -4.156457    
  3.102781     -4.193570    
  3.105490     -4.217526    
  3.105576     -4.197053    
  3.106804     -4.212250    
  3.106891     -4.218683    
  3.107347     -4.214885    
  3.107434     -4.206974    
  3.109726     -4.217802    
  3.112005     -4.223591    
  3.112092     -4.222844    
  3.114687     -4.229161    
  3.114774     -4.220058    
  3.114901     -4.219714    
  3.114988     -4.219210    
  3.115819     -4.223604    
  3.115905     -4.224556    
  3.116258     -4.227648    
  3.116345     -4.228145    
  3.116978     -4.240277    
  3.117065     -4.244448    
  3.117740     -4.245270    
  3.117827     -4.241282    
  3.118223     -4.234610    
  3.118310     -4.232830    
  3.121475     -4.245795    
  3.124616     -4.262619    
  3.124703     -4.281593    
  3.125997     -4.288275    
  3.126084     -4.271059    
  3.127687     -4.261757    
  3.127774     -4.251230    
  3.131998     -4.365622    
  3.136182     -4.249945    
  3.136269     -4.278291    
  3.139047     -4.344808    
  3.139134     -4.298642    
  3.141361     -4.520891    
  3.143577     -4.318048    
  3.143664     -4.359233    
  3.144101     -4.344048    
  3.144188     -4.308719    
  3.146758     -4.354479    
  3.146845     -4.368139    
  3.146975     -4.363010    
  3.147795     -4.321607    
  3.147882     -4.320620    
  3.148729     -4.393667    
  3.148816     -4.424168    
  3.149747     -4.494930    
  3.149834     -4.389422    
  3.152544     -4.370669    
  3.152631     -4.412958    
  3.153068     -4.442718    
  3.153155     -4.441338    
  3.153381     -4.434310    
  3.153434     -4.430329    
  3.153521     -4.381187    
  3.156074     -4.380378    
  3.156161     -4.382504    
  3.159418     -4.356337    
  3.159505     -4.420163    
  3.161763     -4.359853    
  3.164009     -4.424209    
  3.164096     -4.384546    
  3.164633     -4.406225    
  3.164720     -4.411677    
  3.167983     -4.420876    
  3.168070     -4.425774    
  3.171670     -4.438777    
  3.171756     -4.434796    
  3.173578     -4.404946    
  3.173665     -4.403979    
  3.174167     -4.414229    
  3.174254     -4.412866    
  3.176868     -4.410969    
  3.179466     -4.412419    
  3.179553     -4.420284    
  3.181675     -4.495617    
  3.181761     -4.422021    
  3.184969     -4.424965    
  3.185055     -4.428655    
  3.186087     -4.433627    
  3.186174     -4.432724    
  3.187477     -4.432461    
  3.187564     -4.433691    
  3.188338     -4.439159    
  3.188425     -4.454445    
  3.190962     -4.453175    
  3.191049     -4.442459    
  3.191119     -4.442696    
  3.191206     -4.442825    
  3.192224     -4.449035    
  3.192311     -4.385017    
  3.194885     -5.602901    
  3.194972     -4.817403    
  3.196916     -4.403424    
  3.197003     -4.464358    
  3.199803     -4.471579    
  3.199889     -4.471696    
  3.202144     -4.478558    
  3.202231     -4.478459    
  3.203162     -4.481882    
  3.203250     -4.483199    
  3.204674     -4.495751    
  3.204761     -4.490513    
  3.207365     -4.494172    
  3.207452     -4.498918    
  3.209135     -4.500728    
  3.209222     -4.499750    
  3.209715     -4.501660    
  3.209802     -4.502340    
  3.211715     -4.509957    
  3.211802     -4.511842    
  3.213879     -4.520050    
  3.213966     -4.525655    
  3.217704     -4.526030    
  3.217791     -4.527192    
  3.218164     -4.534189    
  3.218251     -4.538313    
  3.218329     -4.542239    
  3.218415     -4.621872    
  3.221712     -4.535018    
  3.224985     -4.550993    
  3.225071     -4.550733    
  3.225939     -4.551644    
  3.226025     -4.551348    
  3.229709     -4.566440    
  3.233361     -4.574832    
  3.233448     -4.575239    
  3.236377     -4.586904    
  3.236464     -4.587154    
  3.237982     -4.591528    
  3.238069     -4.632785    
  3.240875     -4.646874    
  3.243664     -4.609892    
  3.246434     -4.617866    
  3.249187     -4.626240    
  3.249274     -4.635528    
  3.251238     -4.641788    
  3.251325     -4.632666    
  3.251523     -4.632489    
  3.251610     -4.633216    
  3.254140     -4.641729    
  3.256654     -4.655548    
  3.259155     -4.659258    
  3.261641     -4.666639    
  3.261728     -4.667377    
  3.263462     -4.672423    
  3.263549     -4.673774    
  3.267500     -4.684662    
  3.271415     -4.698329    
  3.271502     -4.698268    
  3.273253     -4.704719    
  3.273340     -4.707301    
  3.276754     -4.731977    
  3.276841     -4.715159    
  3.279706     -4.725394    
  3.279793     -4.734672    
  3.283538     -4.750169    
  3.283625     -4.738526    
  3.287537     -4.750278    
  3.291415     -4.767403    
  3.291501     -4.764969    
  3.292656     -4.767086    
  3.292743     -4.768218    
  3.294670     -4.774184    
  3.294757     -4.774360    
  3.295898     -4.778283    
  3.295985     -4.778609    
  3.296762     -4.781156    
  3.296849     -4.781418    
  3.299441     -4.790036    
  3.299528     -4.790402    
  3.302769     -4.801089    
  3.305985     -4.811638    
  3.306072     -4.811968    
  3.306887     -4.814708    
  3.306974     -4.815063    
  3.309364     -4.823031    
  3.309451     -4.823336    
  3.309850     -4.824807    
  3.309937     -4.825174    
  3.310624     -4.827669    
  3.310710     -4.827901    
  3.310978     -4.828673    
  3.311065     -4.828908    
  3.311327     -4.829646    
  3.311414     -4.829895    
  3.311825     -4.831215    
  3.311912     -4.831526    
  3.312020     -4.831910    
  3.312107     -4.834529    
  3.316141     -4.841004    
  3.320138     -4.865056    
  3.324098     -4.868767    
  3.328023     -4.886269    
  3.331913     -4.885886    
  3.335768     -4.915047    
  3.339589     -4.922242    
  3.343376     -4.931682    
  3.343463     -4.948645    
  3.347340     -4.938112    
  3.351182     -4.971595    
  3.351269     -4.952017    
  3.351385     -4.952918    
  3.351681     -4.954898    
  3.351768     -4.955260    
  3.352401     -4.957380    
  3.352488     -4.957753    
  3.355279     -4.966128    
  3.358053     -4.995088    
  3.360809     -4.985054    
  3.363548     -4.995284    
  3.363635     -4.992122    
  3.365480     -5.018626    
  3.365567     -5.008533    
  3.367434     -5.043898    
  3.367521     -5.059759    
  3.368315     -5.017640    
  3.368402     -5.010580    
  3.369769     -5.016090    
  3.369856     -5.016279    
  3.371823     -5.023103    
  3.371910     -5.023324    
  3.373625     -5.028660    
  3.373712     -5.029289    
  3.376444     -5.038744    
  3.379159     -5.048239    
  3.379246     -5.036492    
  3.382086     -5.094896    
  3.382173     -5.083040    
  3.385882     -5.062484    
  3.385969     -5.071756    
  3.389792     -5.085338    
  3.389879     -5.095015    
  3.392466     -5.094059    
  3.395039     -5.103549    
  3.395126     -5.103578    
  3.395227     -5.103853    
  3.395313     -5.104011    
  3.396540     -5.108100    
  3.396627     -5.108394    
  3.398416     -5.114658    
  3.398503     -5.114907    
  3.400855     -5.123087    
  3.400942     -5.122523    
  3.402428     -5.131284    
  3.402515     -5.134161    
  3.403535     -5.172127    
  3.403595     -5.174048    
  3.403681     -5.177076    
  3.404126     -5.193514    
  3.404213     -5.189402    
  3.406921     -5.139022    
  3.409611     -5.152865    
  3.412285     -5.162863    
  3.414942     -5.172232    
  3.415029     -5.166076    
  3.419274     -5.204675    
  3.419361     -5.198677    
  3.422408     -5.197353    
  3.425434     -5.208748    
  3.428438     -5.219832    
  3.431422     -5.230153    
  3.431509     -5.230352    
  3.434923     -5.242514    
  3.435010     -5.242070    
  3.437512     -5.251519    
  3.440000     -5.279219    
  3.442474     -5.283047    
  3.444934     -5.278431    
  3.445021     -5.278375    
  3.447524     -5.287336    
  3.450001     -5.296240    
  3.452464     -5.305089    
  3.454914     -5.315594    
  3.455001     -5.321180    
  3.457947     -5.323494    
  3.460873     -5.334763    
  3.463780     -5.347385    
  3.466667     -5.354856    
  3.466754     -5.356057    
  3.467583     -5.358873    
  3.467670     -5.358317    
  3.469453     -5.366048    
  3.469540     -5.367814    
  3.469843     -5.369664    
  3.469930     -5.370266    
  3.471179     -5.370866    
  3.471266     -5.371572    
  3.472928     -5.378303    
  3.473015     -5.378616    
  3.474100     -5.382506    
  3.474187     -5.382791    
  3.476423     -5.390795    
  3.478648     -5.400329    
  3.480861     -5.407068    
  3.483063     -5.414102    
  3.483150     -5.414784    
  3.485957     -5.425610    
  3.486044     -5.425780    
  3.486320     -5.427033    
  3.486406     -5.431415    
  3.490677     -5.443536    
  3.490763     -5.449108    
  3.491053     -5.452271    
  3.491140     -5.449533    
  3.494277     -5.453501    
  3.494364     -5.455983    
  3.498611     -5.470536    
  3.502817     -5.487963    
  3.502904     -5.487063    
  3.503878     -5.491822    
  3.503965     -5.492577    
  3.504018     -5.492874    
  3.504105     -5.493739    
  3.505720     -5.496967    
  3.505807     -5.497663    
  3.505952     -5.498240    
  3.506039     -5.498615    
  3.507256     -5.503051    
  3.507343     -5.485102    
  3.510290     -5.562460    
  3.513217     -5.511188    
  3.513304     -5.525168    
  3.515836     -5.534444    
  3.515923     -5.534772    
  3.519853     -5.548578    
  3.523748     -5.562925    
  3.527609     -5.579660    
  3.531435     -5.595362    
  3.531522     -5.596153    
  3.532475     -5.598186    
  3.532562     -5.593761    
  3.534135     -5.612272    
  3.534222     -5.623380    
  3.536814     -5.612578    
  3.539391     -5.621804    
  3.541953     -5.632085    
  3.544500     -5.640831    
  3.544586     -5.641474    
  3.545154     -5.646594    
  3.545241     -5.650475    
  3.547702     -5.651942    
  3.550148     -5.661327    
  3.550235     -5.661674    
  3.552154     -5.668853    
  3.552241     -5.669032    
  3.555627     -5.682205    
  3.555714     -5.684254    
  3.556728     -5.689790    
  3.556815     -5.688494    
  3.557696     -5.688974    
  3.557783     -5.689837    
  3.558846     -5.693898    
  3.558933     -5.694222    
  3.559291     -5.695586    
  3.559378     -5.695897    
  3.560851     -5.701358    
  3.560938     -5.701654    
  3.560993     -5.701852    
  3.561060     -5.702090    
  3.561106     -5.702255    
  3.561368     -5.703203    
  3.561455     -5.703521    
  3.561549     -5.703865    
  3.561702     -5.704435    
  3.561789     -5.704759    
  3.561899     -5.705168    
  3.561986     -5.705494    
  3.562293     -5.707034    
  3.565681     -5.718283    
  3.565768     -5.705275    
  3.568654     -5.685650    
  3.568741     -5.694195    
  3.571441     -5.738832    
  3.574124     -5.735573    
  3.576791     -5.751678    
  3.579441     -5.758747    
  3.582076     -5.753684    
  3.584694     -5.779294    
  3.587297     -5.782099    
  3.589884     -5.779500    
  3.592456     -5.777562    
  3.595013     -5.822394    
  3.597555     -5.807274    
  3.600082     -5.804362    
  3.602595     -5.855300    
  3.605093     -5.822748    
  3.607577     -5.834188    
  3.610046     -5.867937    
  3.610133     -5.845443    
  3.614107     -5.849237    
  3.618044     -5.937665    
  3.618131     -5.895484    
  3.619067     -5.868043    
  3.619154     -5.877716    
  3.620519     -5.882505    
  3.620606     -5.882898    
  3.621853     -5.887434    
  3.621940     -5.887809    
  3.624928     -5.894292    
  3.627896     -5.936847    
  3.627982     -5.927828    
  3.630428     -5.914220    
  3.631423     -5.922754    
  3.631510     -5.923100    
  3.632293     -5.925910    
  3.632379     -5.926216    
  3.635363     -5.937284    
  3.638325     -5.946217    
  3.641268     -6.003978    
  3.644191     -5.957967    
  3.644278     -5.970377    
  3.646967     -5.979955    
  3.649640     -5.990207    
  3.652297     -6.000018    
  3.654938     -6.010327    
  3.655025     -6.009740    
  3.657211     -6.019041    
  3.659385     -6.026125    
  3.659472     -6.037288    
  3.663615     -6.058394    
  3.663702     -6.042408    
  3.666918     -6.054491    
  3.670110     -6.066198    
  3.670197     -6.067157    
  3.674031     -6.092811    
  3.677831     -6.095902    
  3.681598     -6.108922    
  3.685333     -6.123857    
  3.685420     -6.123748    
  3.688862     -6.136100    
  3.688948     -6.126306    
  3.690731     -6.178278    
  3.690818     -6.217028    
  3.691459     -6.245920    
  3.691546     -6.178266    
  3.694812     -6.145505    
  3.694898     -6.158736    
  3.695365     -6.160502    
  3.695452     -6.160821    
  3.695518     -6.161065    
  3.695605     -6.161385    
  3.695795     -6.162085    
  3.695882     -6.162076    
  3.698786     -6.173740    
  3.701671     -6.184164    
  3.704537     -6.194945    
  3.707385     -6.205630    
  3.710214     -6.216279    
  3.712650     -6.225444    
  3.713024     -6.226829    
  3.715817     -6.237369    
  3.718591     -6.247818    
  3.718678     -6.248146    
  3.719476     -6.251147    
  3.719563     -6.251471    
  3.719779     -6.252283    
  3.719866     -6.252596    
  3.720741     -6.256008    
  3.720828     -6.256420    
  3.721919     -6.260477    
  3.722006     -6.260891    
  3.725983     -6.275214    
  3.726071     -6.275217    
  3.729627     -6.289616    
  3.733155     -6.302689    
  3.736655     -6.339463    
  3.740126     -6.328902    
  3.740213     -6.329420    
  3.740628     -6.331004    
  3.740715     -6.331322    
  3.743507     -6.342012    
  3.746281     -6.352322    
  3.749037     -6.363060    
  3.751777     -6.372964    
  3.751863     -6.373027    
  3.753882     -6.381549    
  3.753969     -6.381696    
  3.754658     -6.384314    
  3.754745     -6.384636    
  3.755217     -6.386432    
  3.755304     -6.386765    
  3.755522     -6.387595    
  3.755609     -6.387926    
  3.755717     -6.388334    
  3.755803     -6.388662    
  3.758636     -6.399608    
  3.761450     -6.407572    
  3.764246     -6.418568    
  3.767024     -6.427113    
  3.769784     -6.438131    
  3.772527     -6.451717    
  3.775252     -6.461177    
  3.777961     -6.473584    
  3.778048     -6.473508    
  3.778151     -6.473459    
  3.781161     -6.485122    
  3.784252     -6.497151    
  3.787320     -6.509074    
  3.790368     -6.520467    
  3.793394     -6.530773    
  3.796399     -6.541124    
  3.799384     -6.558025    
  3.802348     -6.561946    
  3.802435     -6.563118    
  3.804079     -6.573945    
  3.804166     -6.582044    
  3.806009     -6.576958    
  3.806096     -6.578182    
  3.807545     -6.583774    
  3.807632     -6.584100    
  3.808324     -6.586786    
  3.808411     -6.587117    
  3.809448     -6.591396    
  3.809535     -6.591757    
  3.809815     -6.593096    
  3.809902     -6.593206    
  3.810494     -6.599727    
  3.810581     -6.602831    
  3.811377     -6.611176    
  3.811464     -6.608776    
  3.811517     -6.608242    
  3.811568     -6.607677    
  3.811655     -6.601900    
  3.814154     -6.608599    
  3.816638     -6.617192    
  3.819108     -6.628077    
  3.821564     -6.707095    
  3.821651     -6.677790    
  3.825835     -6.643745    
  3.829979     -6.677516    
  3.834084     -6.685243    
  3.838150     -6.701623    
  3.838237     -6.699641    
  3.842494     -6.727839    
  3.846710     -6.732501    
  3.850885     -6.750821    
  3.855020     -6.767253    
  3.859117     -6.789856    
  3.863175     -6.798422    
  3.867196     -6.814130    
  3.871179     -6.829668    
  3.871266     -6.829993    
  3.873943     -6.840459    
  3.876604     -6.850782    
  3.879249     -6.861065    
  3.881877     -6.869711    
  3.884490     -6.899725    
  3.887087     -6.887918    
  3.889668     -6.901254    
  3.892234     -6.911870    
  3.892321     -6.912075    
  3.894387     -6.920096    
  3.894474     -6.920455    
  3.896928     -6.930048    
  3.899368     -6.939596    
  3.901795     -6.949060    
  3.904208     -6.958493    
  3.904295     -6.958786    
  3.906505     -6.967458    
  3.908704     -6.975897    
  3.910891     -6.984666    
  3.913068     -6.993189    
  3.913155     -6.993529    
  3.913273     -6.993990    
  3.913769     -6.995931    
  3.913856     -6.996271    
  3.913972     -6.996724    
  3.914081     -6.997152    
  3.914168     -6.997490    
  3.916915     -7.008258    
  3.917002     -7.009669    
  3.919240     -7.021565    
  3.921466     -7.024173    
  3.923680     -7.026791    
  3.925884     -7.036863    
  3.928076     -7.050936    
  3.930258     -7.058064    
  3.934588     -7.074632    
  3.938875     -7.090694    
  3.943121     -7.106287    
  3.947325     -7.126717    
  3.951490     -7.145224    
  3.955614     -7.147017    
  3.959700     -7.180308    
  3.963748     -7.184196    
  3.967758     -7.204426    
  3.971732     -7.213684    
  3.975669     -7.250515    
  3.979571     -7.243711    
  3.983439     -7.262868    
  3.983526     -7.293131    
  3.986294     -7.270353    
  3.989045     -7.283122    
  3.991778     -7.292769    
  3.994495     -7.310984    
  3.997194     -7.314737    
  3.999877     -7.325909    
  4.002544     -7.336413    
  4.005194     -7.353445    
  4.007828     -7.360121    
  4.010446     -7.420813    
  4.013048     -7.374988    
  4.015635     -7.388257    
  4.018207     -7.398463    
  4.020764     -7.409540    
  4.023305     -7.424416    
  4.025832     -7.428836    
  4.025919     -7.429099    
  4.029064     -7.441494    
  4.032186     -7.453905    
  4.035287     -7.466211    
  4.038365     -7.478502    
  4.038452     -7.479070    
  4.040802     -7.485463    
  4.043140     -7.521913    
  4.045465     -7.501365    
  4.047778     -7.515794    
  4.047865     -7.516236    
  4.051161     -7.529377    
  4.054403     -7.541497    
  4.057621     -7.554430    
  4.060815     -7.567170    
  4.063986     -7.579835    
  4.067134     -7.588283    
  4.070259     -7.628027    
  4.073362     -7.617837    
  4.073449     -7.617717    
  4.076278     -7.629392    
  4.079089     -7.637785    
  4.081882     -7.651733    
  4.084657     -7.663595    
  4.087414     -7.675126    
  4.090154     -7.685441    
  4.092877     -7.695740    
  4.095582     -7.706995    
  4.098272     -7.719166    
  4.100944     -7.727181    
  4.103600     -7.740965    
  4.106240     -7.748656    
  4.108864     -7.762475    
  4.111473     -7.776051    
  4.114065     -7.779770    
  4.116643     -7.792741    
  4.119205     -7.801751    
  4.121752     -7.812168    
  4.124284     -7.824510    
  4.126802     -7.832475    
  4.129305     -7.842561    
  4.131793     -7.854740    
  4.134268     -7.863530    
  4.136729     -7.872700    
  4.139175     -7.882595    
  4.141608     -7.892080    
  4.144027     -7.906974    
  4.146433     -7.911154    
  4.148826     -7.921943    
  4.151206     -7.931435    
  4.153573     -7.941082    
  4.155926     -7.950664    
  4.156013     -7.949144    
  4.158880     -7.968182    
  4.161727     -7.971644    
  4.161814     -7.974582    
  4.163762     -7.982580    
  4.163849     -7.982912    
  4.163959     -7.983359    
  4.164046     -7.983738    
  4.167624     -7.997706    
  4.171174     -8.008621    
  4.174695     -8.029651    
  4.178188     -8.041817    
  4.181653     -8.052660    
  4.185090     -8.068891    
  4.188500     -8.083004    
  4.191884     -8.096746    
  4.195242     -8.110159    
  4.198574     -8.121859    
  4.201880     -8.140012    
  4.205162     -8.153793    
  4.208419     -8.158638    
  4.211651     -8.181674    
  4.214860     -8.187434    
  4.218045     -8.203721    
  4.221207     -8.215276    
  4.224347     -8.228067    
  4.227463     -8.237405    
  4.230558     -8.258650    
  4.233630     -8.268947    
  4.236681     -8.278906    
  4.239711     -8.289471    
  4.242720     -8.306151    
  4.245708     -8.315904    
  4.248675     -8.326507    
  4.251623     -8.339550    
  4.254550     -8.351023    
  4.257458     -8.362531    
  4.260347     -8.374172    
  4.263217     -8.392221    
  4.266067     -8.395459    
  4.266154     -8.398248    
  4.269157     -8.410549    
  4.272139     -8.423597    
  4.275101     -8.438256    
  4.278043     -8.398471    
  4.280965     -8.463358    
  4.283867     -8.470624    
  4.286751     -8.482663    
  4.289615     -8.494141    
  4.292460     -8.508927    
  4.295287     -8.516738    
  4.298096     -8.528977    
  4.300886     -8.540451    
  4.303659     -8.551870    
  4.306414     -8.563130    
  4.309152     -8.574360    
  4.311873     -8.585806    
  4.314576     -8.598270    
  4.317263     -8.607648    
  4.319934     -8.619855    
  4.322588     -8.632627    
  4.325226     -8.640118    
  4.327848     -8.650891    
  4.330454     -8.662438    
  4.333045     -8.672136    
  4.335621     -8.683534    
  4.338181     -8.693224    
  4.340726     -8.699427    
  4.343256     -8.714548    
  4.345772     -8.722917    
  4.348274     -8.734877    
  4.350760     -8.745588    
  4.353233     -8.754981    
  4.353320     -8.755325    
  4.356074     -8.766612    
  4.356161     -8.766971    
  4.357582     -8.772813    
  4.357669     -8.773316    
  4.357779     -8.773871    
  4.357865     -8.775331    
  4.360696     -8.785502    
  4.363507     -8.795603    
  4.366301     -8.806863    
  4.369077     -8.819660    
  4.371835     -8.829486    
  4.374576     -8.842279    
  4.377300     -8.851591    
  4.380006     -8.864052    
  4.382696     -8.873850    
  4.385369     -8.885941    
  4.388026     -8.896723    
  4.390667     -8.907738    
  4.393292     -8.918584    
  4.395901     -8.929531    
  4.398495     -8.938730    
  4.401073     -8.950801    
  4.403636     -8.959109    
  4.406183     -8.971461    
  4.408716     -8.980009    
  4.411235     -8.990215    
  4.413739     -9.001929    
  4.416228     -9.010654    
  4.418703     -9.020698    
  4.421164     -9.037264    
  4.423612     -9.009665    
  4.426045     -9.055535    
  4.428465     -9.060458    
  4.430872     -9.071219    
  4.433266     -9.079811    
  4.435646     -9.089973    
  4.438013     -9.099401    
  4.440368     -9.108670    
  4.440455     -9.109099    
  4.442913     -9.118929    
  4.445357     -9.129204    
  4.447787     -9.138632    
  4.450204     -9.148447    
  4.452608     -9.159916    
  4.454999     -9.150833    
  4.457376     -9.178572    
  4.459740     -9.187058    
  4.462092     -9.195817    
  4.464431     -9.204709    
  4.466757     -9.215314    
  4.469071     -9.224538    
  4.471373     -9.233767    
  4.473663     -9.243159    
  4.475940     -9.252106    
  4.478206     -9.259152    
  4.512937     -9.398019    
  4.513024     -9.400398    
  4.514610     -9.406710    
  4.514697     -9.407057    
  4.515945     -9.412033    
  4.516032     -9.412377    
  4.516141     -9.412812    
  4.516228     -9.414466    
  4.585469     -9.687353    
  4.585556     -9.682962    
  4.648489     -9.929768    
  4.648576     -9.932255    
  4.649548     -9.936670    
  4.649635     -9.936919    
  4.649838     -9.937757    
  4.649925     -9.938109    
  4.650035     -9.938548    
  4.650122     -9.937547    
  4.709765     -10.17033    
  4.709852     -10.17308    
  4.765753     -10.39196    
  4.765822     -10.39328    
  4.765909     -10.39363    
  4.766019     -10.39406    
  4.766106     -10.39437    
  4.818480     -10.60352    
  4.818567     -10.60217    
  4.868094     -10.79655    
  4.868152     -10.80038    
  4.868214     -10.80063    
  4.868324     -10.80107    
  4.868411     -10.78890    
  4.915089     -10.99333    
  4.915176     -10.98908    
  4.959449     -11.16677    
  4.959536     -11.16641    
  4.959642     -11.16685    
  4.959729     -11.16720    
  4.959839     -11.16765    
  4.959925     -11.16913    
  5.002021     -11.33034    
  5.002108     -11.33860    
  5.041986     -11.50056    
  5.042072     -11.50008    
  5.042428     -11.50152    
  5.042515     -11.50188    
  5.042624     -11.50232    
  5.042711     -11.50264    
  5.081038     -11.65924    
  5.081125     -11.65513    
  5.117569     -11.80610    
  5.117655     -11.80841    
  5.118005     -11.80984    
  5.118092     -11.81019    
  5.118201     -11.81064    
  5.118288     -11.80207    
  5.153462     -11.95942    
  5.153549     -11.95609    
  5.187204     -12.09406    
  5.187290     -12.09383    
  5.187529     -12.09473    
  5.187616     -12.09509    
  5.187725     -12.09554    
  5.187812     -12.09738    
  5.251180     -12.35428    
  5.251266     -12.35584    
  5.251931     -12.35868    
  5.252018     -12.35904    
  5.252095     -12.35936    
  5.252182     -12.36071    
  5.311750     -12.60354    
  5.311837     -12.60395    
  5.311944     -12.60439    
  5.312021     -12.60470    
  5.312108     -12.60668    
  5.368079     -12.83122    
  5.368165     -12.83416    
  5.420736     -13.05024    
  5.420823     -13.04898    
  5.470384     -13.24746    
  5.470471     -13.25141    
  5.517346     -13.44150    
  5.517433     -13.44076    
  5.561899     -13.62005    
  5.561985     -13.62229    
  5.604277     -13.79136    
  5.604364     -13.79348    
  5.644684     -13.95387    
  5.644771     -13.98910    
  6.106967     -16.10301    
  6.325769     -16.68134    
  6.578998     -17.68327    
  6.853997     -18.74867    
  7.141403     -19.79930    
  7.435457     -20.77846    
  7.732956     -21.66505    
  8.032210     -22.47467    
  8.332350     -23.24854    
  8.632934     -24.04549    
  8.933740    -100.00000    
