 0.6915830     -123.2733    
 0.6916091     -123.2734    
 0.6950408     -123.2803    
 0.6950669     -123.6283    
 0.6981765     -122.7841    
 0.6982026    -100.00000    
 0.7261927    -100.00000    
 0.7524875     -110.3613    
 0.7525136     -109.9290    
 0.7562684     -109.3667    
 0.7562944    -100.00000    
 0.7903624    -100.00000    
 0.8219512     -99.12357    
 0.8219773     -98.70774    
 0.8256871     -98.25866    
 0.8257132     -98.23797    
 0.8270964     -98.04699    
 0.8271225     -98.04230    
 0.8287464     -97.79234    
 0.8287724    -100.00000    
 0.8615415    -100.00000    
 0.8920105    -100.00000    
 0.9204814    -100.00000    
 0.9472000     -82.03570    
 0.9472261    -100.00000    
 0.9610684     -79.43577    
 0.9610945    -100.00000    
 0.9737423     -77.99635    
 0.9737684     -77.84503    
 0.9757254     -77.66677    
 0.9757515     -77.79929    
 0.9780505     -77.32645    
 0.9780766    -100.00000    
  1.002006    -100.00000    
  1.024685    -100.00000    
  1.066772    -100.00000    
  1.105139    -100.00000    
  1.140390    -100.00000    
  1.172993    -100.00000    
  1.203318    -100.00000    
  1.231664    -100.00000    
  1.258272     -57.44743    
  1.258298     -56.12967    
  1.281083     -54.00116    
  1.281109     -46.09307    
  1.301030     -44.52514    
  1.305160     -44.48809    
  1.305186    -100.00000    
  1.326915     -37.60027    
  1.326941     -37.61546    
  1.346694     -36.84917    
  1.346720     -37.02677    
  1.362546     -36.52262    
  1.362572     -37.01839    
  1.390897     -35.82525    
  1.390924    -100.00000    
  1.416635     -34.33586    
  1.416661    -100.00000    
  1.443021     -31.18929    
  1.443047    -100.00000    
  1.465962     -28.29502    
  1.465988    -100.00000    
  1.485873     -25.51312    
  1.485899    -100.00000    
  1.499967     -23.63074    
  1.499993     -23.37541    
  1.524019    -100.00000    
  1.546785     -24.99358    
  1.546812     -19.59071    
  1.576132    -100.00000    
  1.576158     -26.88947    
  1.604777     -26.31620    
  1.604803     -15.61412    
  1.629435    -100.00000    
  1.629461     -20.22370    
  1.655483    -100.00000    
  1.680033     -25.60024    
  1.703270     -25.34644    
  1.725326     -24.10989    
  1.725352     -24.03716    
  1.731789     -23.75720    
  1.731815    -100.00000    
  1.759985    -100.00000    
  1.786439     -21.47347    
  1.786465    -100.00000    
  1.816267    -100.00000    
  1.844155     -19.10206    
  1.844181    -100.00000    
  1.873455     -17.88626    
  1.873481    -100.00000    
  1.905852     -16.54090    
  1.905878     -16.41850    
  1.913985     -16.06535    
  1.914011     -16.15741    
  1.926739     -15.56329    
  1.926765     -15.52487    
  1.927492     -15.49546    
  1.927518    -100.00000    
  1.953099     -14.58603    
  1.953125    -100.00000    
  1.992547     -13.19351    
  1.992573     -13.02473    
  1.994242     -12.96590    
  1.994268     -12.96582    
  1.996583     -12.88442    
  1.996609     -12.88418    
  1.997969     -12.82570    
  1.997995     -12.81007    
  2.007452     -12.54359    
  2.007478     -12.50129    
  2.018315     -12.28379    
  2.018341     -12.27494    
  2.028139     -11.93615    
  2.028165     -11.94435    
  2.036834     -11.66011    
  2.036860     -11.73503    
  2.054806     -11.13237    
  2.054832     -11.06781    
  2.061074     -10.88269    
  2.061100     -11.08866    
  2.077560     -10.41147    
  2.077586     -10.23209    
  2.096009     -10.10648    
  2.096035     -11.66393    
  2.097335     -9.945336    
  2.097361     -9.771162    
  2.101549     -9.686914    
  2.101575     -9.723487    
  2.102614     -9.970109    
  2.102640     -9.842690    
  2.105856     -9.801035    
  2.105882     -9.821986    
  2.106131     -9.829785    
  2.106157     -9.968772    
  2.111538     -9.713026    
  2.111564     -9.683515    
  2.111972     -9.638155    
  2.111998     -9.493227    
  2.119253     -10.06872    
  2.119279     -9.947470    
  2.124259     -9.701130    
  2.124285     -9.758807    
  2.127003     -9.807850    
  2.127029     -9.972493    
  2.127689     -9.821580    
  2.127715     -9.714445    
  2.137516     -9.651346    
  2.137543     -9.333553    
  2.138167     -9.540264    
  2.138193     -9.692244    
  2.149401     -9.366541    
  2.149427     -9.309838    
  2.150323     -9.363404    
  2.150349     -9.364487    
  2.150451     -9.382141    
  2.150478     -9.408143    
  2.156771     -9.156667    
  2.156797     -9.274404    
  2.158990     -9.218592    
  2.159016     -9.402380    
  2.168085     -8.737452    
  2.168111     -8.914844    
  2.177634     -8.773294    
  2.177660     -8.681987    
  2.181761     -9.217372    
  2.181787     -9.263776    
  2.188475     -8.367345    
  2.188501     -8.736352    
  2.202392     -8.158118    
  2.202418     -8.023516    
  2.204200     -8.295767    
  2.204226     -8.169835    
  2.209967     -8.219184    
  2.209993     -8.158914    
  2.217868     -8.032122    
  2.217894     -8.144783    
  2.217973     -8.135753    
  2.217999     -8.132392    
  2.218346     -8.089328    
  2.218372     -8.080604    
  2.218718     -8.052336    
  2.218745     -8.183991    
  2.225651     -8.213784    
  2.232450     -7.812150    
  2.232476     -7.793207    
  2.234725     -7.835550    
  2.234751     -8.188275    
  2.239647     -7.806434    
  2.239673     -7.063248    
  2.242461    -100.00000    
  2.242487     -7.914834    
  2.243634     -7.660388    
  2.243660     -7.608716    
  2.245376     -7.664399    
  2.245402     -7.622066    
  2.250751     -8.037463    
  2.250777     -8.038768    
  2.253726     -7.483249    
  2.253752     -7.449257    
  2.257114     -7.622806    
  2.260450     -7.547771    
  2.263761     -7.486353    
  2.267047     -7.353521    
  2.267073     -7.316235    
  2.270520     -7.342592    
  2.270546     -7.309175    
  2.271659     -7.344641    
  2.271685     -7.339222    
  2.271838     -7.335515    
  2.271864     -7.408790    
  2.273764     -7.780692    
  2.273790     -7.617084    
  2.275848     -7.500890    
  2.275875     -7.406647    
  2.278055     -7.092606    
  2.278081     -7.209994    
  2.280272     -7.202147    
  2.280298     -7.224747    
  2.283835     -7.236587    
  2.283861     -7.204249    
  2.285263     -7.241877    
  2.285289     -8.592537    
  2.286319     -7.756540    
  2.286345     -7.746490    
  2.286816     -7.621184    
  2.286843     -7.853618    
  2.289444     -6.963418    
  2.292031     -7.024391    
  2.294602     -6.941028    
  2.297158     -6.780437    
  2.297184     -6.606851    
  2.298013     -6.667645    
  2.298039     -6.681105    
  2.299510     -6.959007    
  2.299536     -6.935054    
  2.301188     -6.914042    
  2.302835     -6.927801    
  2.304475     -6.895837    
  2.306109     -6.903079    
  2.306135     -6.849789    
  2.307390     -6.877524    
  2.308642     -6.755491    
  2.308668     -6.741250    
  2.310145     -6.829222    
  2.311618     -6.815509    
  2.313085     -6.815111    
  2.314548     -6.738829    
  2.314574     -6.679607    
  2.315022     -6.729674    
  2.315048     -6.734382    
  2.315628     -6.719280    
  2.315654     -6.678902    
  2.316640     -6.867197    
  2.317624     -6.712661    
  2.317650     -6.728898    
  2.318472     -6.737222    
  2.318499     -6.721177    
  2.319125     -6.713311    
  2.319151     -6.703941    
  2.320138     -6.675150    
  2.321123     -6.835278    
  2.322105     -6.438730    
  2.323085     -6.684954    
  2.323111     -6.639282    
  2.324238     -6.531236    
  2.324264     -6.550338    
  2.325142     -6.600385    
  2.326019     -6.494196    
  2.326894     -6.399342    
  2.327767     -6.476737    
  2.327793     -6.472593    
  2.328784     -6.493351    
  2.329773     -6.441411    
  2.330760     -6.387282    
  2.331745     -6.480520    
  2.331771     -6.435113    
  2.332451     -6.215219    
  2.333131     -6.553282    
  2.333157     -6.491423    
  2.333940     -6.455795    
  2.334721     -6.386998    
  2.334747     -6.433169    
  2.335758     -6.661562    
  2.336767     -6.489372    
  2.337773     -6.233490    
  2.338777     -6.391836    
  2.338803     -6.343226    
  2.339391     -6.337178    
  2.339977     -6.342231    
  2.340563     -6.372071    
  2.341149     -6.352745    
  2.341175     -6.354929    
  2.341313     -6.356871    
  2.341339     -6.357536    
  2.341416     -6.359637    
  2.341442     -6.362696    
  2.341995     -6.366754    
  2.342548     -6.355643    
  2.342574     -6.357085    
  2.343152     -6.341560    
  2.343730     -6.330338    
  2.344307     -6.328435    
  2.344884     -6.331152    
  2.344910     -6.332254    
  2.345914     -6.369711    
  2.346415     -6.408692    
  2.346916     -6.445567    
  2.347416     -6.407148    
  2.347915     -6.258273    
  2.348414     -6.219801    
  2.348912     -6.276381    
  2.348938     -6.266220    
  2.349663     -6.276862    
  2.350387     -6.269881    
  2.350413     -6.268735    
  2.351174     -6.256446    
  2.351935     -6.256179    
  2.352694     -6.260713    
  2.353452     -6.214725    
  2.353478     -6.211642    
  2.354014     -6.210650    
  2.354040     -6.209042    
  2.354826     -6.195589    
  2.355610     -6.166300    
  2.356393     -6.122067    
  2.357175     -6.124185    
  2.357201     -6.122468    
  2.357613     -6.112982    
  2.357639     -6.112187    
  2.360689     -6.030028    
  2.360715     -6.038009    
  2.361482     -6.039679    
  2.361508     -5.319478    
  2.370561     -5.208585    
  2.370587     -5.154167    
  2.372143     -5.353190    
  2.372169     -5.171717    
  2.373576     -5.183685    
  2.373602     -4.915464    
  2.376732     -5.536432    
  2.376758     -5.425711    
  2.381432     -5.261914    
  2.381458     -5.197083    
  2.381604     -5.018749    
  2.381630     -4.898631    
  2.382020     -4.710857    
  2.382046     -4.658480    
  2.384696     -4.482554    
  2.384723     -4.472899    
  2.387156     -5.904307    
  2.387182     -4.905733    
  2.387250     -4.889663    
  2.387276     -4.524621    
  2.397757     -4.716357    
  2.397783     -4.584078    
  2.403737     -4.027913    
  2.403763     -4.420462    
  2.405849     -4.118892    
  2.405875     -4.302442    
  2.406950     -4.213753    
  2.406976     -4.336528    
  2.409375     -4.210544    
  2.409401     -4.249693    
  2.409997     -4.072628    
  2.410023     -4.044103    
  2.411532     -4.110149    
  2.411558     -3.966260    
  2.413129     -4.053029    
  2.413155     -4.430894    
  2.414139     -4.074940    
  2.414165     -3.948491    
  2.414800     -4.029087    
  2.414826     -4.133414    
  2.417258     -3.862548    
  2.417284     -4.035066    
  2.417479     -4.071552    
  2.417505     -4.017369    
  2.419934     -4.078891    
  2.419960     -4.052951    
  2.429044     -4.019825    
  2.429070     -4.167980    
  2.429812     -4.043344    
  2.429838     -4.077403    
  2.429941     -4.075543    
  2.429968     -4.148559    
  2.433545     -4.004556    
  2.433571     -3.960020    
  2.434793     -4.189253    
  2.434819     -4.047121    
  2.435600     -3.984298    
  2.435626     -4.134856    
  2.438130     -3.963617    
  2.438156     -3.831568    
  2.438775     -3.876335    
  2.438801     -3.978051    
  2.441117     -3.850694    
  2.441143     -3.924096    
  2.441622     -3.946515    
  2.441648     -3.960806    
  2.443145     -3.820528    
  2.443172     -3.717414    
  2.446855     -4.052123    
  2.446881     -3.881100    
  2.448077     -4.068107    
  2.448103     -3.992155    
  2.449403     -4.461661    
  2.449429     -4.018833    
  2.454802     -3.841399    
  2.454828     -3.874575    
  2.455220     -3.834668    
  2.455246     -3.825224    
  2.455715     -3.758078    
  2.455741     -3.761566    
  2.456057     -3.777395    
  2.456083     -3.744162    
  2.457136     -4.150126    
  2.457162     -3.985749    
  2.460232     -3.909192    
  2.460258     -3.922221    
  2.460625     -3.826007    
  2.460651     -3.788888    
  2.461200     -3.837438    
  2.461226     -3.906462    
  2.461623     -3.966437    
  2.461649     -3.938732    
  2.465081     -3.685834    
  2.465107     -3.888938    
  2.466316     -4.208293    
  2.466342     -3.901202    
  2.467007     -4.044996    
  2.467033     -4.486231    
  2.469850     -4.202769    
  2.469876     -3.986998    
  2.470870     -4.010573    
  2.470896     -4.126652    
  2.471160     -4.101559    
  2.471186     -4.107942    
  2.471286     -4.116023    
  2.471312     -4.114561    
  2.471592     -4.152405    
  2.471618     -4.157938    
  2.471859     -4.254066    
  2.471885     -4.307442    
  2.473938     -4.079857    
  2.473964    -100.00000    
  2.476473     -3.718352    
  2.476499     -3.657906    
  2.476658     -3.752313    
  2.476684     -3.783731    
  2.477008     -4.214840    
  2.477034     -5.362528    
  2.479576     -3.625005    
  2.479602     -3.664802    
  2.483495     -4.606642    
  2.483521     -3.876745    
  2.483855     -3.901703    
  2.483881     -3.921104    
  2.484161     -4.031795    
  2.484187     -4.040438    
  2.484225     -4.054901    
  2.484298     -4.088911    
  2.484324     -4.108704    
  2.484548     -4.237150    
  2.484574     -3.730663    
  2.487068     -3.801407    
  2.487094     -3.772269    
  2.490987     -3.613813    
  2.491013     -3.757477    
  2.491430     -4.242434    
  2.491456     -4.114357    
  2.493829     -3.913145    
  2.493855     -4.177597    
  2.494479     -3.766358    
  2.494505     -3.638879    
  2.496138     -3.727593    
  2.496164     -3.716766    
  2.497264     -3.877105    
  2.497290     -3.843979    
  2.497709     -3.776727    
  2.497735     -3.796912    
  2.498054     -3.870675    
  2.498080     -3.870204    
  2.501933     -3.655888    
  2.501959     -3.740579    
  2.503950     -3.855198    
  2.503976     -3.775402    
  2.504100     -3.758802    
  2.504126     -3.764049    
  2.506222     -3.697219    
  2.506248     -3.670840    
  2.506887     -3.674790    
  2.506913     -3.681753    
  2.507076     -3.673854    
  2.507102     -3.671947    
  2.507234     -3.679211    
  2.507260     -3.743350    
  2.508936     -3.709738    
  2.508962     -3.668327    
  2.509000     -3.658991    
  2.509026     -3.623146    
  2.509852     -3.634803    
  2.509878     -3.643351    
  2.510053     -3.667329    
  2.510079     -3.844234    
  2.511786     -3.755633    
  2.511813     -3.810331    
  2.512377     -3.594160    
  2.512404     -3.598261    
  2.514206     -3.717285    
  2.514232     -3.548214    
  2.515517     -3.550085    
  2.515543     -3.552753    
  2.515749     -3.557546    
  2.515775     -3.558532    
  2.515839     -3.561229    
  2.515866     -3.562620    
  2.515902     -3.564818    
  2.515928     -3.564282    
  2.516736     -3.661457    
  2.516763     -3.655091    
  2.516973     -3.635048    
  2.516999     -3.627945    
  2.517971     -3.525223    
  2.517997     -3.557901    
  2.518475     -3.633928    
  2.518501     -3.610816    
  2.519371     -3.528345    
  2.519397     -3.563960    
  2.523458     -3.632046    
  2.523485     -3.638540    
  2.526015     -3.643942    
  2.528531     -3.664162    
  2.528557     -3.741207    
  2.532645     -3.715352    
  2.532671     -3.747416    
  2.533864     -3.659867    
  2.533890     -3.591340    
  2.536637     -3.614454    
  2.539367     -3.653232    
  2.539394     -3.652797    
  2.542501     -3.778957    
  2.542527     -3.842899    
  2.544716     -3.646768    
  2.544742     -3.810349    
  2.546838     -3.758060    
  2.546864     -3.728136    
  2.547359     -3.704470    
  2.547385     -3.692422    
  2.547467     -3.680915    
  2.547493     -3.654304    
  2.551148     -3.628126    
  2.551174     -3.632881    
  2.551788     -3.638253    
  2.551814     -3.710169    
  2.555525     -3.734092    
  2.555551     -3.641849    
  2.558413     -3.598894    
  2.558439     -3.597686    
  2.558900     -3.603348    
  2.558926     -3.619820    
  2.562365     -3.676662    
  2.562391     -3.764007    
  2.562708     -3.819200    
  2.562735     -3.854509    
  2.565530     -3.645131    
  2.568307     -3.811981    
  2.568333     -3.606889    
  2.568399     -3.598223    
  2.568425     -3.583350    
  2.568740     -3.672502    
  2.568765     -3.696749    
  2.568792     -3.783736    
  2.571346     -3.603646    
  2.571372     -3.603285    
  2.571520     -3.598504    
  2.571546     -3.587353    
  2.573817     -3.633497    
  2.576076     -3.589172    
  2.576102     -3.814876    
  2.579478     -3.686632    
  2.582828     -3.720953    
  2.582854     -3.665740    
  2.584966     -3.740603    
  2.584992     -4.038465    
  2.586240     -3.786598    
  2.586266     -3.699607    
  2.588283     -3.645436    
  2.588309     -3.734254    
  2.589445     -4.416782    
  2.589471     -4.229375    
  2.590629     -3.968052    
  2.590655     -3.977610    
  2.592847     -4.006989    
  2.595028     -3.844166    
  2.595054     -3.595265    
  2.596291     -3.781694    
  2.596317     -3.804786    
  2.596347     -3.880203    
  2.597676     -3.788321    
  2.597703     -3.929612    
  2.599443     -3.750278    
  2.599469     -3.927217    
  2.600950     -3.828908    
  2.600976     -3.901464    
  2.603363     -3.657049    
  2.603390     -3.592697    
  2.606269     -3.737551    
  2.606295     -3.770095    
  2.606355     -3.767622    
  2.606381     -3.748615    
  2.607088     -3.845411    
  2.607114     -3.858944    
  2.607268     -3.856659    
  2.607294     -3.852208    
  2.607422     -3.831955    
  2.607448     -3.826918    
  2.607583     -3.804866    
  2.607610     -3.802699    
  2.608822     -3.686449    
  2.608848     -3.690347    
  2.611614     -3.646254    
  2.614363     -3.704305    
  2.614389     -3.718626    
  2.617047     -3.672231    
  2.619690     -3.574892    
  2.619716     -3.604618    
  2.620810     -3.580709    
  2.620836     -3.569255    
  2.620889     -3.567254    
  2.620915     -3.559143    
  2.621993     -3.553358    
  2.622019     -3.642830    
  2.625501     -3.798616    
  2.625527     -3.628160    
  2.626327     -3.662619    
  2.626353     -3.638940    
  2.627054     -3.775628    
  2.627080     -3.777890    
  2.630159     -3.636852    
  2.633217     -3.660787    
  2.633243     -3.638609    
  2.633616     -3.699312    
  2.633642     -3.700041    
  2.634860     -3.794065    
  2.634886     -3.766778    
  2.637264     -3.639236    
  2.637290     -3.601843    
  2.640667     -3.633911    
  2.640693     -3.575874    
  2.642655     -3.748192    
  2.644608     -3.560726    
  2.644634     -3.623297    
  2.645884     -3.611977    
  2.645910     -3.565725    
  2.646467     -3.670513    
  2.646493     -3.701402    
  2.646793     -3.777004    
  2.646819     -3.719440    
  2.648509     -3.563166    
  2.648535     -3.607111    
  2.648569     -3.598373    
  2.650611     -3.573423    
  2.650637     -3.556691    
  2.652053     -3.578612    
  2.652079     -3.581238    
  2.652535     -3.614238    
  2.652561     -3.628432    
  2.653789     -3.662586    
  2.653815     -3.647004    
  2.654544     -3.638636    
  2.654570     -3.625565    
  2.655879     -3.591359    
  2.655905     -3.586492    
  2.656887     -3.568921    
  2.656913     -3.580365    
  2.656969     -3.581241    
  2.656995     -3.582497    
  2.657324     -3.579860    
  2.657350     -3.578104    
  2.657529     -3.573921    
  2.657556     -3.573703    
  2.658514     -3.587266    
  2.658540     -3.586977    
  2.659819     -3.611276    
  2.659845     -3.584449    
  2.661662     -3.570491    
  2.661688     -3.583210    
  2.661741     -3.584432    
  2.661767     -3.594453    
  2.662869     -3.573006    
  2.662895     -3.569648    
  2.662923     -3.568934    
  2.663217     -3.573915    
  2.663243     -3.579016    
  2.664942     -3.632870    
  2.664968     -3.646925    
  2.666637     -3.604822    
  2.668300     -3.554663    
  2.668327     -3.571812    
  2.669554     -3.566718    
  2.670779     -3.619523    
  2.670805     -3.611191    
  2.672474     -3.578474    
  2.674136     -3.583330    
  2.674162     -3.598267    
  2.675402     -3.609399    
  2.675428     -3.597968    
  2.676854     -3.589970    
  2.676880     -3.591218    
  2.677782     -3.585740    
  2.677808     -3.583237    
  2.679265     -3.587213    
  2.680718     -3.586032    
  2.682165     -3.582468    
  2.683608     -3.583950    
  2.683634     -3.584941    
  2.684647     -3.586348    
  2.685650     -3.586206    
  2.685677     -3.586633    
  2.685745     -3.586838    
  2.685771     -3.586808    
  2.686018     -3.588143    
  2.686044     -3.586844    
  2.686551     -3.604868    
  2.686577     -3.616501    
  2.687604     -3.586574    
  2.688629     -3.590622    
  2.688655     -3.588230    
  2.689773     -3.597364    
  2.690888     -3.610861    
  2.690914     -3.609225    
  2.690957     -3.611516    
  2.690983     -3.632436    
  2.692104     -3.591731    
  2.692663     -3.616077    
  2.693221     -3.623890    
  2.693247     -3.605752    
  2.693930     -3.607281    
  2.694611     -3.605855    
  2.695292     -3.593337    
  2.695971     -3.596160    
  2.696650     -3.597968    
  2.697327     -3.603290    
  2.698003     -3.597913    
  2.698678     -3.605390    
  2.698704     -3.606835    
  2.698747     -3.607510    
  2.698773     -3.608714    
  2.699173     -3.608899    
  2.699199     -3.607443    
  2.699707     -3.602679    
  2.700214     -3.602364    
  2.700240     -3.602799    
  2.700517     -3.601820    
  2.700543     -3.601540    
  2.700562     -3.601436    
  2.700588     -3.600820    
  2.701102     -3.601756    
  2.701616     -3.603913    
  2.702128     -3.606357    
  2.702641     -3.605735    
  2.702667     -3.610659    
  2.704263     -3.603911    
  2.704289     -3.604169    
  2.704778     -3.606204    
  2.704804     -3.606761    
  2.705149     -3.607997    
  2.705176     -3.609673    
  2.706354     -3.608180    
  2.706380     -3.606740    
  2.707338     -3.609514    
  2.707364     -3.610722    
  2.708243     -3.610918    
  2.708265     -3.610950    
  2.708291     -3.611033    
  2.708382     -3.611468    
  2.708408     -3.611609    
  2.709302     -3.618631    
  2.709328     -3.602975    
  2.710066     -3.707106    
  2.710092     -3.709430    
  2.712261     -3.583959    
  2.712287     -3.616309    
  2.716426     -3.622754    
  2.716452     -3.629727    
  2.716512     -3.630015    
  2.716538     -3.616363    
  2.718970     -3.649961    
  2.721389     -3.612240    
  2.721415     -3.623487    
  2.721822     -3.624616    
  2.721848     -3.617041    
  2.724988     -3.647409    
  2.725014     -3.712461    
  2.725160     -3.743655    
  2.725186     -3.747678    
  2.725284     -3.756831    
  2.725310     -3.772558    
  2.725772     -3.657409    
  2.725798     -3.632320    
  2.727554     -3.630727    
  2.727580     -3.635701    
  2.728176     -3.650197    
  2.728202     -3.649009    
  2.728398     -3.643977    
  2.728424     -3.642577    
  2.728587     -3.636985    
  2.728613     -3.633232    
  2.730067     -3.633568    
  2.730093     -3.634136    
  2.733184     -3.638016    
  2.733210     -3.637886    
  2.734192     -3.645774    
  2.734218     -3.653184    
  2.735929     -3.646809    
  2.735955     -3.643141    
  2.736022     -3.642883    
  2.736048     -3.642559    
  2.737089     -3.642317    
  2.737115     -3.643670    
  2.738198     -3.643984    
  2.738224     -3.644200    
  2.738774     -3.650144    
  2.738800     -3.649684    
  2.740331     -3.645702    
  2.740357     -3.651673    
  2.742489     -3.648729    
  2.742515     -3.649601    
  2.742845     -3.651705    
  2.742871     -3.901491    
  2.746971     -3.724780    
  2.746997     -3.722865    
  2.749427     -3.511249    
  2.751831     -3.693822    
  2.751857     -3.619130    
  2.752111     -3.625762    
  2.752137     -3.627311    
  2.753459     -3.648152    
  2.753485     -3.644743    
  2.754539     -3.653998    
  2.754566     -3.655186    
  2.754881     -3.657885    
  2.754907     -3.657864    
  2.755529     -3.658363    
  2.755555     -3.660683    
  2.758504     -3.670667    
  2.758531     -3.667866    
  2.759057     -3.668758    
  2.759083     -3.669255    
  2.759298     -3.669973    
  2.759324     -3.669962    
  2.759941     -3.670633    
  2.759967     -3.671365    
  2.760777     -3.672422    
  2.760803     -3.671051    
  2.762338     -3.673810    
  2.762364     -3.672701    
  2.763494     -3.681065    
  2.763520     -3.684940    
  2.764607     -3.675678    
  2.764634     -3.678597    
  2.764790     -3.679244    
  2.764816     -3.679475    
  2.765431     -3.679710    
  2.765457     -3.679222    
  2.765786     -3.679156    
  2.765812     -3.678690    
  2.766720     -3.680313    
  2.766746     -3.681301    
  2.767599     -3.686949    
  2.767625     -3.683623    
  2.768816     -3.682310    
  2.768842     -3.683156    
  2.768873     -3.683223    
  2.768899     -3.683311    
  2.769246     -3.683910    
  2.769273     -3.681509    
  2.770825     -3.691835    
  2.770851     -3.705702    
  2.772571     -3.682215    
  2.772597     -3.687941    
  2.775871     -3.693388    
  2.775898     -3.692299    
  2.777571     -3.695491    
  2.777597     -3.682169    
  2.781452     -3.744998    
  2.781478     -3.775142    
  2.783779     -3.701823    
  2.783805     -3.727647    
  2.786347     -3.845625    
  2.786373     -3.731286    
  2.787394     -3.700930    
  2.787420     -3.663480    
  2.789379     -3.818064    
  2.789405     -3.783395    
  2.792084     -3.617062    
  2.792110     -3.694920    
  2.795992     -3.772741    
  2.796018     -3.709405    
  2.799330     -3.856523    
  2.799356    -100.00000    
  2.799768     -5.171595    
  2.799795     -5.164468    
  2.800685     -4.557503    
  2.800711     -4.687985    
  2.802982     -3.749498    
  2.803008     -3.746552    
  2.805911     -3.545927    
  2.808794     -3.724579    
  2.811659     -3.740059    
  2.814504     -3.748485    
  2.814531     -3.748820    
  2.815805     -3.749412    
  2.815831     -3.749660    
  2.816461     -3.751348    
  2.816487     -3.751262    
  2.817048     -3.752334    
  2.817074     -3.752157    
  2.818601     -3.755925    
  2.818627     -3.755737    
  2.822346     -3.763636    
  2.826033     -3.829469    
  2.826059     -3.775600    
  2.829643     -3.772715    
  2.829669     -3.775092    
  2.833025     -3.779668    
  2.833051     -3.780477    
  2.836279     -3.783670    
  2.836305     -3.784429    
  2.836473     -3.784996    
  2.836499     -3.786925    
  2.839407     -3.798241    
  2.839433     -3.783713    
  2.840448     -3.823890    
  2.840474     -3.809452    
  2.844142     -3.789371    
  2.844168     -3.796445    
  2.844752     -3.797478    
  2.844778     -3.797671    
  2.845644     -3.799608    
  2.845670     -3.799510    
  2.846022     -3.799952    
  2.846048     -3.800047    
  2.846084     -3.800140    
  2.846110     -3.800136    
  2.846350     -3.801349    
  2.846376     -3.797067    
  2.846960     -3.826627    
  2.846986     -3.866963    
  2.850315     -3.784858    
  2.850341     -3.800723    
  2.851138     -3.832294    
  2.851164     -3.848612    
  2.851303     -3.876595    
  2.851329     -3.886846    
  2.851635     -3.940738    
  2.851661     -3.897248    
  2.853000     -3.781188    
  2.853026     -3.813627    
  2.853688     -3.813117    
  2.853714     -3.812680    
  2.856751     -3.818450    
  2.856777     -3.818290    
  2.859747     -3.827834    
  2.859773     -3.826593    
  2.863227     -3.833813    
  2.863253     -3.832529    
  2.864041     -3.837180    
  2.864067     -3.836410    
  2.864202     -3.836218    
  2.864228     -3.832258    
  2.866992     -3.838162    
  2.867018     -3.844189    
  2.869268     -3.839532    
  2.871507     -3.845554    
  2.871533     -3.846728    
  2.871590     -3.847060    
  2.871617     -3.847322    
  2.871996     -3.848267    
  2.872022     -3.848533    
  2.874358     -3.853911    
  2.874384     -3.849595    
  2.876673     -3.860038    
  2.876699     -3.858038    
  2.877153     -3.856195    
  2.877179     -3.857792    
  2.880574     -3.872254    
  2.880600     -3.997338    
  2.882343    -100.00000    
  2.882369     -4.490073    
  2.882700     -4.401815    
  2.882726     -4.609753    
  2.885367     -3.805846    
  2.885393     -3.835609    
  2.886410     -3.629196    
  2.886436     -3.608769    
  2.886684     -3.608228    
  2.886711     -3.636512    
  2.887586     -3.810738    
  2.887612     -3.759913    
  2.888537     -3.988141    
  2.888563     -4.079453    
  2.889344     -3.690165    
  2.889370     -3.759569    
  2.891995     -3.946166    
  2.892021     -3.938479    
  2.893735     -4.031780    
  2.893761     -3.954256    
  2.894101     -3.817518    
  2.894127     -3.754721    
  2.895125     -3.895519    
  2.895151     -3.871834    
  2.895520     -3.884163    
  2.895547     -3.891455    
  2.896797     -4.061184    
  2.896824     -3.892686    
  2.897817     -4.677057    
  2.897843     -3.996135    
  2.900619     -3.960477    
  2.900645     -4.327483    
  2.901366     -3.773270    
  2.901392     -3.876809    
  2.905057     -3.826400    
  2.905083     -3.872644    
  2.905579     -3.879590    
  2.905605     -3.879157    
  2.907884     -3.918317    
  2.907910     -3.906063    
  2.908129     -3.913654    
  2.908155     -3.915068    
  2.908507     -3.968960    
  2.908533     -4.013794    
  2.909451     -3.916638    
  2.909477     -3.909397    
  2.910120     -3.900807    
  2.910146     -3.910782    
  2.913205     -3.919235    
  2.916242     -3.929657    
  2.916268     -3.933018    
  2.916557     -3.943827    
  2.916584     -3.945501    
  2.916815     -3.949054    
  2.916841     -3.949362    
  2.917202     -3.933285    
  2.917228     -3.928509    
  2.917946     -3.928716    
  2.917972     -3.929518    
  2.921796     -3.937341    
  2.921822     -3.936569    
  2.925060     -3.943643    
  2.925086     -3.941003    
  2.925714     -4.033843    
  2.925740     -4.046354    
  2.925879     -4.061821    
  2.925905     -4.060956    
  2.925971     -4.057206    
  2.925997     -3.993524    
  2.927585     -3.928560    
  2.927611     -3.949825    
  2.927702     -3.949083    
  2.927728     -3.948515    
  2.927981     -3.947828    
  2.928007     -3.948827    
  2.928701     -3.950195    
  2.928727     -3.950632    
  2.929157     -3.951249    
  2.929183     -3.951313    
  2.929555     -3.951874    
  2.929581     -3.951884    
  2.929997     -3.952698    
  2.930023     -3.952697    
  2.930276     -3.953024    
  2.930302     -3.953052    
  2.930635     -3.953802    
  2.930661     -3.953895    
  2.930674     -3.953930    
  2.930700     -3.953999    
  2.930993     -3.954840    
  2.931020     -3.954932    
  2.931455     -3.956130    
  2.931481     -3.955426    
  2.932685     -3.962829    
  2.932711     -3.960870    
  2.934676     -3.960205    
  2.934702     -3.961691    
  2.935383     -3.964942    
  2.935409     -3.982728    
  2.936838     -4.067420    
  2.936864     -3.964138    
  2.937442     -3.965184    
  2.937468     -3.965455    
  2.937555     -3.965082    
  2.937581     -3.968252    
  2.939148     -3.971374    
  2.939174     -3.971479    
  2.939362     -3.971743    
  2.939388     -3.971383    
  2.942758     -3.986003    
  2.942785     -3.978399    
  2.943789     -3.980477    
  2.943815     -3.980959    
  2.943844     -3.980220    
  2.944299     -3.990141    
  2.944325     -4.002775    
  2.945296     -3.988513    
  2.945322     -3.983030    
  2.946304     -3.986668    
  2.946330     -3.987003    
  2.946717     -3.986556    
  2.946743     -3.986643    
  2.946776     -3.986707    
  2.946802     -3.986839    
  2.950801     -3.994924    
  2.950827     -3.994615    
  2.951318     -3.996047    
  2.951344     -3.996200    
  2.951741     -3.997511    
  2.951767     -3.997698    
  2.952632     -3.999560    
  2.952658     -3.999335    
  2.953349     -3.999408    
  2.953375     -3.999438    
  2.953780     -4.000906    
  2.953806     -4.001138    
  2.954021     -4.002049    
  2.954047     -4.002096    
  2.954374     -4.003469    
  2.954391     -4.003601    
  2.954417     -4.003871    
  2.954846     -4.005449    
  2.954872     -4.004794    
  2.955769     -4.004495    
  2.955795     -4.005021    
  2.956192     -4.005690    
  2.956218     -4.005917    
  2.956377     -4.006545    
  2.956403     -4.006731    
  2.956852     -4.007534    
  2.956878     -4.007541    
  2.957651     -4.008789    
  2.957677     -4.008809    
  2.957733     -4.008918    
  2.957759     -4.009122    
  2.958652     -4.011103    
  2.958678     -4.011095    
  2.958733     -4.011276    
  2.958753     -4.011353    
  2.958779     -4.011295    
  2.959227     -4.014181    
  2.959253     -4.014513    
  2.959299     -4.014867    
  2.959325     -4.015125    
  2.959550     -4.016350    
  2.959576     -4.016352    
  2.959605     -4.016419    
  2.959622     -4.016450    
  2.959648     -4.016491    
  2.959673     -4.016520    
  2.959699     -4.016559    
  2.959869     -4.016552    
  2.959895     -4.016527    
  2.959946     -4.016507    
  2.959972     -4.016276    
  2.960724     -4.018455    
  2.960751     -4.018268    
  2.961052     -4.017524    
  2.961078     -4.017342    
  2.961152     -4.017051    
  2.961178     -4.017613    
  2.963811     -4.019704    
  2.963837     -3.954247    
  2.965349     -3.863542    
  2.965375     -3.963728    
  2.965604     -3.992396    
  2.965631     -3.961905    
  2.969258     -3.941154    
  2.969284     -4.036560    
  2.969806     -4.216894    
  2.969832     -3.963597    
  2.973371     -3.882727    
  2.973397     -3.914244    
  2.975759     -3.859832    
  2.975785     -3.877540    
  2.976196     -3.949261    
  2.976222     -3.942119    
  2.978818     -3.880216    
  2.981393     -3.893990    
  2.981419     -3.936208    
  2.981911     -4.009557    
  2.981937     -4.026160    
  2.982453     -3.921117    
  2.982479     -3.896433    
  2.982902     -3.867138    
  2.982928     -3.888747    
  2.985851     -3.927965    
  2.988755     -3.896514    
  2.991639     -3.952426    
  2.994504     -3.924955    
  2.997351     -3.936762    
  3.000178     -3.978114    
  3.002988     -3.966766    
  3.005779     -3.955146    
  3.005806     -3.953440    
  3.006660     -3.949601    
  3.006686     -3.962533    
  3.007985     -3.964671    
  3.008011     -3.963637    
  3.008377     -3.974472    
  3.008403     -3.975904    
  3.008422     -3.976621    
  3.008449     -3.970855    
  3.012132     -3.944299    
  3.015785     -4.210037    
  3.019407     -3.881348    
  3.022999     -4.028777    
  3.023025     -3.976478    
  3.024692     -3.984488    
  3.024718     -3.992564    
  3.027002     -3.989393    
  3.027028     -3.985824    
  3.028469     -4.000490    
  3.028496     -4.009719    
  3.028525     -4.010976    
  3.028551     -4.011705    
  3.030734     -3.992665    
  3.032906     -4.033668    
  3.032932     -4.007502    
  3.037051     -4.019459    
  3.041131     -4.054081    
  3.041157     -4.036036    
  3.041192     -4.036878    
  3.041218     -4.041180    
  3.041743     -4.034274    
  3.041769     -4.022860    
  3.044049     -4.046867    
  3.044075     -4.034894    
  3.046448     -4.040043    
  3.046474     -4.039179    
  3.047296     -4.044734    
  3.047322     -4.060821    
  3.051393     -4.052644    
  3.051419     -4.036494    
  3.053164     -4.129738    
  3.053190     -4.045870    
  3.056650     -4.125434    
  3.056676     -4.138307    
  3.057784     -4.046934    
  3.057810     -4.070736    
  3.060993     -4.082344    
  3.064153     -4.093761    
  3.064179     -4.090598    
  3.067832     -4.100117    
  3.067858     -4.099904    
  3.071967     -4.120824    
  3.071993     -4.141342    
  3.074546     -4.109410    
  3.074572     -4.132551    
  3.077401     -4.123305    
  3.080211     -4.127459    
  3.083004     -4.141440    
  3.085779     -4.144645    
  3.085805     -4.147981    
  3.088194     -4.159462    
  3.088220     -4.221212    
  3.091880     -4.156841    
  3.091906     -4.171340    
  3.092972     -4.165312    
  3.092998     -4.165303    
  3.093275     -4.166195    
  3.093301     -4.559979    
  3.095382     -4.741810    
  3.095408     -4.534673    
  3.096210     -4.347191    
  3.096236     -4.445791    
  3.099421     -3.902232    
  3.099447     -4.069889    
  3.099999     -4.090721    
  3.100025     -4.080512    
  3.103059     -4.195526    
  3.106072     -4.212721    
  3.109064     -4.219800    
  3.112036     -4.230012    
  3.112062     -4.229754    
  3.114717     -4.235448    
  3.114743     -4.226338    
  3.114932     -4.226134    
  3.114958     -4.226488    
  3.115849     -4.234189    
  3.115875     -4.235221    
  3.116210     -4.238324    
  3.116236     -4.238161    
  3.116288     -4.238269    
  3.116314     -4.236079    
  3.117008     -4.245643    
  3.117034     -4.254914    
  3.117770     -4.249199    
  3.117796     -4.240878    
  3.118254     -4.235495    
  3.118280     -4.238297    
  3.118920     -4.249995    
  3.118946     -4.243232    
  3.121806     -4.255779    
  3.124647     -4.268922    
  3.124673     -4.281021    
  3.126028     -4.287771    
  3.126054     -4.276686    
  3.127717     -4.264515    
  3.127743     -4.290676    
  3.129255     -4.280882    
  3.129281     -4.256419    
  3.132761     -4.308448    
  3.136213     -4.300803    
  3.136239     -4.277346    
  3.139077     -4.361369    
  3.139103     -4.415385    
  3.141139     -4.543495    
  3.141166     -4.354020    
  3.143607     -4.249122    
  3.143633     -4.316455    
  3.144132     -4.338026    
  3.144158     -4.305731    
  3.146789     -4.349761    
  3.146815     -4.366336    
  3.146918     -4.364535    
  3.146944     -4.358530    
  3.147826     -4.308860    
  3.147852     -4.314858    
  3.148759     -4.373155    
  3.148785     -4.367139    
  3.149778     -4.423174    
  3.149804     -4.354267    
  3.151307     -4.347149    
  3.151333     -4.361178    
  3.152574     -4.361270    
  3.152600     -4.399275    
  3.153099     -4.416414    
  3.153125     -4.410739    
  3.153411     -4.412958    
  3.153437     -4.412948    
  3.153464     -4.412706    
  3.153490     -4.389428    
  3.155047     -4.337283    
  3.155073     -4.378919    
  3.156105     -4.370962    
  3.156131     -4.378844    
  3.159449     -4.355782    
  3.159475     -4.392361    
  3.159789     -4.408093    
  3.159815     -4.368645    
  3.164039     -4.394049    
  3.164065     -4.364924    
  3.164664     -4.397330    
  3.164690     -4.416401    
  3.166009     -4.396491    
  3.166035     -4.375678    
  3.168014     -4.428583    
  3.168040     -4.407360    
  3.171700     -4.420134    
  3.171726     -4.421788    
  3.173608     -4.409732    
  3.173634     -4.404722    
  3.174198     -4.410338    
  3.174224     -4.413830    
  3.178220     -4.417291    
  3.178246     -4.410484    
  3.179496     -4.427512    
  3.179523     -4.423820    
  3.180493     -4.424910    
  3.180519     -4.468694    
  3.181705     -4.450253    
  3.181731     -4.423017    
  3.181840     -4.423783    
  3.181866     -4.424739    
  3.181990     -4.427382    
  3.182017     -4.425835    
  3.184999     -4.433679    
  3.185025     -4.435879    
  3.186118     -4.442378    
  3.186144     -4.441017    
  3.187507     -4.439074    
  3.187524     -4.441334    
  3.187550     -4.441528    
  3.188369     -4.446275    
  3.188395     -4.442928    
  3.189386     -4.460986    
  3.189412     -4.445459    
  3.189917     -4.532545    
  3.189943     -4.519667    
  3.190993     -4.463681    
  3.191019     -4.465530    
  3.191149     -4.458640    
  3.191176     -4.452945    
  3.192254     -4.448127    
  3.192280     -4.414118    
  3.194916     -4.638735    
  3.194942     -4.535808    
  3.196947     -4.436961    
  3.196973     -4.463132    
  3.199833     -4.475984    
  3.199859     -4.474669    
  3.202175     -4.483243    
  3.202201     -4.482693    
  3.203193     -4.488618    
  3.203219     -4.486689    
  3.204704     -4.504117    
  3.204730     -4.494837    
  3.207396     -4.501163    
  3.207422     -4.505582    
  3.209165     -4.506999    
  3.209192     -4.507380    
  3.209905     -4.510083    
  3.209931     -4.509894    
  3.211746     -4.516620    
  3.211772     -4.518678    
  3.213910     -4.525673    
  3.213936     -4.531046    
  3.217562     -4.533534    
  3.217588     -4.532846    
  3.217734     -4.532822    
  3.217760     -4.532788    
  3.218195     -4.534327    
  3.218221     -4.534541    
  3.218359     -4.535594    
  3.218385     -4.572091    
  3.221432     -4.544604    
  3.224458     -4.557248    
  3.224484     -4.556387    
  3.226728     -4.559992    
  3.228960     -4.570399    
  3.231181     -4.576660    
  3.233391     -4.581388    
  3.233417     -4.582539    
  3.235869     -4.591837    
  3.238307     -4.607455    
  3.240731     -4.630087    
  3.243142     -4.613903    
  3.243168     -4.614386    
  3.246203     -4.624153    
  3.249217     -4.633131    
  3.249243     -4.638381    
  3.251269     -4.644133    
  3.251295     -4.639312    
  3.251554     -4.639717    
  3.251580     -4.640224    
  3.254930     -4.650756    
  3.258254     -4.667792    
  3.258280     -4.662362    
  3.261671     -4.673838    
  3.261697     -4.671426    
  3.263492     -4.678373    
  3.263518     -4.679862    
  3.267500     -4.691668    
  3.271446     -4.704406    
  3.271472     -4.704800    
  3.273283     -4.710978    
  3.273309     -4.712505    
  3.276784     -4.729261    
  3.276810     -4.722022    
  3.279737     -4.732161    
  3.279763     -4.732279    
  3.279904     -4.732739    
  3.279930     -4.727272    
  3.281693     -4.753022    
  3.281719     -4.761002    
  3.283569     -4.736926    
  3.283595     -4.745671    
  3.285864     -4.751871    
  3.285890     -4.751903    
  3.288494     -4.760596    
  3.288521     -4.760805    
  3.289058     -4.762478    
  3.289085     -4.762689    
  3.291445     -4.776471    
  3.291471     -4.770518    
  3.292687     -4.773873    
  3.292713     -4.775034    
  3.294701     -4.781009    
  3.294727     -4.781080    
  3.295769     -4.784781    
  3.295795     -4.784754    
  3.295928     -4.785210    
  3.295954     -4.785317    
  3.296323     -4.786661    
  3.296349     -4.786742    
  3.296793     -4.788041    
  3.296819     -4.788128    
  3.299472     -4.796810    
  3.299498     -4.796980    
  3.301162     -4.802575    
  3.301188     -4.802515    
  3.302957     -4.808306    
  3.302983     -4.808404    
  3.305105     -4.815403    
  3.305131     -4.815511    
  3.306016     -4.818371    
  3.306042     -4.818307    
  3.306917     -4.821478    
  3.306943     -4.821616    
  3.309394     -4.829707    
  3.309420     -4.829607    
  3.309880     -4.831364    
  3.309906     -4.831528    
  3.310654     -4.834481    
  3.310680     -4.834507    
  3.311009     -4.835309    
  3.311035     -4.835333    
  3.311357     -4.836362    
  3.311383     -4.836517    
  3.311855     -4.838106    
  3.311881     -4.838163    
  3.312043     -4.838684    
  3.312069     -4.840850    
  3.315866     -4.847993    
  3.319630     -4.851215    
  3.319656     -4.862366    
  3.322697     -4.873827    
  3.325716     -4.881075    
  3.328715     -4.890881    
  3.331694     -4.887068    
  3.334652     -4.911251    
  3.337590     -4.915802    
  3.340508     -4.930950    
  3.343407     -4.940991    
  3.343433     -4.944543    
  3.347340     -4.946307    
  3.351212     -4.967287    
  3.351238     -4.958026    
  3.351711     -4.961751    
  3.351737     -4.961359    
  3.354728     -4.967326    
  3.357698     -4.993258    
  3.360649     -4.991151    
  3.363579     -5.001443    
  3.363605     -4.996262    
  3.365511     -5.024853    
  3.365537     -5.017620    
  3.367465     -5.028473    
  3.367491     -5.050562    
  3.367518     -5.052083    
  3.368345     -5.005631    
  3.368371     -5.016342    
  3.369799     -5.023112    
  3.369825     -5.022663    
  3.371854     -5.029658    
  3.371880     -5.029701    
  3.373656     -5.035119    
  3.373682     -5.035622    
  3.377642     -5.049408    
  3.377668     -5.049572    
  3.379189     -5.054772    
  3.379215     -5.048060    
  3.382117     -5.081436    
  3.382143     -5.076016    
  3.385913     -5.073314    
  3.385939     -5.078161    
  3.389822     -5.091745    
  3.389848     -5.092473    
  3.391164     -5.107662    
  3.391190     -5.096467    
  3.395069     -5.110121    
  3.395095     -5.109868    
  3.397989     -5.119814    
  3.398015     -5.119996    
  3.398446     -5.121392    
  3.398472     -5.121438    
  3.400885     -5.129832    
  3.400911     -5.129792    
  3.402458     -5.135530    
  3.402485     -5.133202    
  3.403625     -5.171497    
  3.403651     -5.156636    
  3.404157     -5.156858    
  3.404183     -5.168946    
  3.406906     -5.148060    
  3.409611     -5.159662    
  3.412300     -5.169961    
  3.414973     -5.178840    
  3.414999     -5.179216    
  3.419305     -5.194190    
  3.419331     -5.193909    
  3.422393     -5.206188    
  3.425434     -5.215676    
  3.428454     -5.226659    
  3.431452     -5.237222    
  3.431479     -5.237169    
  3.434953     -5.249589    
  3.434979     -5.249376    
  3.438935     -5.265981    
  3.442855     -5.289281    
  3.442881     -5.277755    
  3.444964     -5.284975    
  3.444990     -5.285207    
  3.447490     -5.294172    
  3.449964     -5.303631    
  3.449990     -5.303839    
  3.452474     -5.312741    
  3.454944     -5.321129    
  3.454970     -5.328068    
  3.457932     -5.330299    
  3.460873     -5.341899    
  3.463795     -5.354572    
  3.466698     -5.361595    
  3.466724     -5.363044    
  3.467614     -5.366018    
  3.467640     -5.366052    
  3.468776     -5.368991    
  3.468802     -5.369372    
  3.469484     -5.375342    
  3.469510     -5.376279    
  3.469535     -5.376719    
  3.469561     -5.377205    
  3.469873     -5.383499    
  3.469899     -5.384387    
  3.470209     -5.383522    
  3.470235     -5.378655    
  3.471210     -5.377266    
  3.471236     -5.378717    
  3.472958     -5.385688    
  3.472984     -5.385572    
  3.474130     -5.389634    
  3.474156     -5.389666    
  3.477552     -5.402227    
  3.480921     -5.414460    
  3.480947     -5.414540    
  3.483093     -5.421537    
  3.483119     -5.422125    
  3.485987     -5.432513    
  3.486013     -5.432559    
  3.486615     -5.434813    
  3.486641     -5.437465    
  3.490491     -5.457059    
  3.494307     -5.457255    
  3.494333     -5.462991    
  3.498611     -5.477773    
  3.502847     -5.494552    
  3.502873     -5.494013    
  3.503909     -5.497998    
  3.503935     -5.498261    
  3.504049     -5.498879    
  3.504075     -5.499556    
  3.505750     -5.504003    
  3.505776     -5.504386    
  3.505983     -5.505320    
  3.506009     -5.505617    
  3.506922     -5.508996    
  3.506948     -5.508967    
  3.507287     -5.510034    
  3.507313     -5.508520    
  3.511219     -5.543302    
  3.511245     -5.523286    
  3.513248     -5.532396    
  3.513274     -5.531894    
  3.515834     -5.541488    
  3.515860     -5.541596    
  3.515893     -5.541987    
  3.518219     -5.549151    
  3.520533     -5.558743    
  3.522835     -5.567398    
  3.525125     -5.575716    
  3.527403     -5.583607    
  3.529669     -5.596715    
  3.531923     -5.601166    
  3.534166     -5.610781    
  3.534192     -5.632288    
  3.535341     -5.616152    
  3.535367     -5.610117    
  3.539376     -5.625907    
  3.539403     -5.628750    
  3.541647     -5.637284    
  3.543879     -5.644666    
  3.543905     -5.644987    
  3.544530     -5.647343    
  3.544556     -5.647117    
  3.545185     -5.651108    
  3.545211     -5.651826    
  3.545491     -5.654588    
  3.545517     -5.654409    
  3.548458     -5.660749    
  3.548484     -5.662014    
  3.550178     -5.668150    
  3.550205     -5.668338    
  3.552184     -5.675733    
  3.552210     -5.675851    
  3.553416     -5.680255    
  3.553442     -5.680371    
  3.553493     -5.680562    
  3.553519     -5.680634    
  3.555658     -5.688608    
  3.555684     -5.688938    
  3.556758     -5.695499    
  3.556785     -5.692948    
  3.557726     -5.695807    
  3.557752     -5.696346    
  3.558877     -5.700700    
  3.558903     -5.700682    
  3.559141     -5.701633    
  3.559167     -5.701738    
  3.559322     -5.702302    
  3.559348     -5.702246    
  3.560882     -5.708145    
  3.560908     -5.708212    
  3.561003     -5.708551    
  3.561024     -5.708622    
  3.561050     -5.708712    
  3.561076     -5.708803    
  3.561161     -5.709098    
  3.561188     -5.709187    
  3.561399     -5.709906    
  3.561425     -5.709995    
  3.561492     -5.710225    
  3.561518     -5.710312    
  3.561733     -5.711082    
  3.561759     -5.711182    
  3.561929     -5.711844    
  3.561955     -5.711959    
  3.562293     -5.713221    
  3.565712     -5.725817    
  3.565738     -5.712034    
  3.568684     -5.688358    
  3.568710     -5.702007    
  3.572276     -5.738369    
  3.572302     -5.730188    
  3.575184     -5.737418    
  3.578046     -5.746826    
  3.580890     -5.757486    
  3.583716     -5.752321    
  3.583742     -5.782576    
  3.586195     -5.753958    
  3.588634     -5.790540    
  3.591060     -5.783615    
  3.593472     -5.802797    
  3.595871     -5.795516    
  3.598257     -5.813331    
  3.600630     -5.810259    
  3.602990     -5.832279    
  3.603016     -5.857818    
  3.606561     -5.827789    
  3.610077     -5.860112    
  3.610103     -5.849072    
  3.614107     -5.857420    
  3.618075     -5.916976    
  3.618101     -5.872355    
  3.619098     -5.881380    
  3.619124     -5.882849    
  3.620549     -5.887094    
  3.620575     -5.887484    
  3.621884     -5.892415    
  3.621910     -5.892480    
  3.623350     -5.897878    
  3.623376     -5.897887    
  3.625657     -5.903149    
  3.627926     -5.931398    
  3.627952     -5.921488    
  3.630143     -5.920040    
  3.630428     -5.923783    
  3.632323     -5.930885    
  3.632349     -5.930926    
  3.634351     -5.938321    
  3.634377     -5.938403    
  3.637591     -5.950307    
  3.637617     -5.950372    
  3.640932     -5.979831    
  3.644221     -5.972026    
  3.644248     -5.975032    
  3.646952     -5.984529    
  3.649641     -5.994745    
  3.652313     -6.004715    
  3.654968     -6.015066    
  3.654994     -6.014840    
  3.656771     -6.021713    
  3.656798     -6.022812    
  3.659416     -6.030496    
  3.659442     -6.034700    
  3.663645     -6.052199    
  3.663672     -6.046686    
  3.666918     -6.058707    
  3.670140     -6.070737    
  3.670166     -6.071107    
  3.673528     -6.081930    
  3.673554     -6.076249    
  3.676435     -6.102456    
  3.679298     -6.105042    
  3.682141     -6.115626    
  3.684966     -6.124852    
  3.684992     -6.124325    
  3.685363     -6.128695    
  3.685390     -6.128909    
  3.685421     -6.127437    
  3.687761     -6.135966    
  3.687787     -6.136372    
  3.688738     -6.139991    
  3.688764     -6.140086    
  3.688892     -6.140556    
  3.688918     -6.137035    
  3.690761     -6.156297    
  3.690787     -6.186034    
  3.691489     -6.248405    
  3.691515     -6.158927    
  3.694842     -6.157768    
  3.694868     -6.162587    
  3.695395     -6.164603    
  3.695421     -6.164699    
  3.695548     -6.165178    
  3.695574     -6.165107    
  3.699531     -6.180165    
  3.703451     -6.194719    
  3.707337     -6.209314    
  3.711188     -6.223750    
  3.711214     -6.223842    
  3.712650     -6.229179    
  3.713266     -6.231488    
  3.713292     -6.231571    
  3.715965     -6.241672    
  3.718622     -6.251550    
  3.718648     -6.251642    
  3.719507     -6.254911    
  3.719533     -6.255026    
  3.719809     -6.256077    
  3.719835     -6.256200    
  3.720772     -6.259724    
  3.720798     -6.259743    
  3.721949     -6.264086    
  3.721976     -6.264290    
  3.726014     -6.279020    
  3.726040     -6.278714    
  3.729224     -6.291543    
  3.729250     -6.291326    
  3.730799     -6.297161    
  3.730825     -6.297503    
  3.733074     -6.306093    
  3.733100     -6.305953    
  3.736642     -6.326051    
  3.740157     -6.331977    
  3.740183     -6.332623    
  3.740658     -6.334117    
  3.740684     -6.334216    
  3.742813     -6.342320    
  3.742839     -6.342356    
  3.743010     -6.343034    
  3.743036     -6.343262    
  3.745487     -6.352294    
  3.747926     -6.361672    
  3.747952     -6.361727    
  3.748402     -6.363465    
  3.748428     -6.363555    
  3.750148     -6.370019    
  3.750174     -6.370261    
  3.751807     -6.375838    
  3.751825     -6.375513    
  3.751851     -6.375262    
  3.752945     -6.380820    
  3.752971     -6.380644    
  3.753218     -6.381542    
  3.753244     -6.381535    
  3.753912     -6.384018    
  3.753938     -6.384281    
  3.754688     -6.387013    
  3.754715     -6.387124    
  3.755025     -6.388298    
  3.755051     -6.388395    
  3.755248     -6.389127    
  3.755274     -6.389218    
  3.755553     -6.390290    
  3.755579     -6.390449    
  3.758844     -6.402769    
  3.758870     -6.402636    
  3.762813     -6.415404    
  3.766720     -6.428668    
  3.770592     -6.443916    
  3.774430     -6.463080    
  3.774456     -6.459381    
  3.777991     -6.475432    
  3.778017     -6.475315    
  3.778151     -6.474359    
  3.781504     -6.488421    
  3.781530     -6.486803    
  3.785355     -6.502598    
  3.789147     -6.516206    
  3.792906     -6.530550    
  3.796633     -6.544714    
  3.796659     -6.541379    
  3.799528     -6.557535    
  3.802378     -6.564401    
  3.802405     -6.565160    
  3.802753     -6.566433    
  3.802779     -6.566210    
  3.804109     -6.572410    
  3.804136     -6.579757    
  3.805742     -6.577013    
  3.805768     -6.577731    
  3.806039     -6.578564    
  3.806065     -6.578864    
  3.806646     -6.581402    
  3.806672     -6.581319    
  3.807576     -6.584670    
  3.807602     -6.584770    
  3.808354     -6.587591    
  3.808380     -6.587585    
  3.809479     -6.592462    
  3.809505     -6.592597    
  3.809846     -6.593546    
  3.809872     -6.593224    
  3.810525     -6.596844    
  3.810551     -6.598428    
  3.811407     -6.610747    
  3.811433     -6.606766    
  3.811548     -6.604221    
  3.811574     -6.603604    
  3.811599     -6.603058    
  3.811625     -6.600388    
  3.812345     -6.602244    
  3.812371     -6.602874    
  3.814695     -6.611793    
  3.817007     -6.619210    
  3.819307     -6.625912    
  3.821595     -6.685683    
  3.821621     -6.681964    
  3.823807     -6.636121    
  3.825982     -6.653374    
  3.830301     -6.676490    
  3.830327     -6.670719    
  3.834271     -6.686046    
  3.838180     -6.700855    
  3.838207     -6.700920    
  3.840521     -6.708234    
  3.842823     -6.726492    
  3.842849     -6.733175    
  3.843871     -6.717067    
  3.843897     -6.722203    
  3.846695     -6.733373    
  3.849474     -6.744504    
  3.852236     -6.753813    
  3.854980     -6.765041    
  3.857707     -6.773606    
  3.860418     -6.793147    
  3.863111     -6.793822    
  3.865788     -6.806118    
  3.865814     -6.806236    
  3.866065     -6.807174    
  3.866091     -6.807140    
  3.868658     -6.817086    
  3.871210     -6.826690    
  3.871236     -6.826780    
  3.873921     -6.837129    
  3.876589     -6.847493    
  3.879242     -6.857495    
  3.881878     -6.867302    
  3.884498     -6.885175    
  3.887102     -6.885362    
  3.889691     -6.895105    
  3.892265     -6.908644    
  3.892291     -6.907545    
  3.894417     -6.915620    
  3.894443     -6.915760    
  3.895163     -6.918551    
  3.895189     -6.918681    
  3.898690     -6.932080    
  3.898716     -6.932241    
  3.900445     -6.938822    
  3.900462     -6.938871    
  3.900488     -6.938963    
  3.901329     -6.942196    
  3.901356     -6.942391    
  3.902300     -6.945861    
  3.902326     -6.945930    
  3.903658     -6.951068    
  3.903684     -6.951178    
  3.904238     -6.953312    
  3.904264     -6.953447    
  3.905995     -6.959818    
  3.906021     -6.960081    
  3.906888     -6.963434    
  3.906914     -6.963548    
  3.907705     -6.966702    
  3.907731     -6.966802    
  3.908373     -6.969173    
  3.908399     -6.968835    
  3.910755     -6.978270    
  3.913098     -6.987411    
  3.913124     -6.987499    
  3.913216     -6.987853    
  3.913243     -6.987953    
  3.913438     -6.988704    
  3.913465     -6.988803    
  3.913800     -6.990105    
  3.913826     -6.990209    
  3.913915     -6.990560    
  3.913941     -6.990662    
  3.914112     -6.991319    
  3.914138     -6.991386    
  3.916945     -7.002136    
  3.916971     -6.997999    
  3.920612     -7.016044    
  3.924221     -7.023106    
  3.927801     -7.041874    
  3.931352     -7.055072    
  3.931378     -7.054511    
  3.935116     -7.068570    
  3.938821     -7.081908    
  3.938847     -7.087472    
  3.941053     -7.088618    
  3.943248     -7.100335    
  3.945432     -7.108256    
  3.947605     -7.114842    
  3.951918     -7.135488    
  3.956189     -7.145062    
  3.956215     -7.143574    
  3.959412     -7.167304    
  3.962586     -7.169919    
  3.965737     -7.183741    
  3.968865     -7.195666    
  3.968891     -7.208325    
  3.972582     -7.207152    
  3.976241     -7.230024    
  3.979870     -7.237745    
  3.983469     -7.251956    
  3.983495     -7.268718    
  3.985959     -7.260643    
  3.988409     -7.270869    
  3.990846     -7.280454    
  3.993269     -7.289810    
  3.993295     -7.293688    
  3.997502     -7.305437    
  4.001668     -7.322207    
  4.005795     -7.343487    
  4.009884     -7.361218    
  4.013934     -7.366431    
  4.017946     -7.385265    
  4.021922     -7.403702    
  4.025862     -7.413857    
  4.025888     -7.416320    
  4.028135     -7.424864    
  4.030369     -7.433539    
  4.032592     -7.442243    
  4.034804     -7.450896    
  4.034830     -7.450959    
  4.038396     -7.464795    
  4.038422     -7.464877    
  4.039117     -7.468146    
  4.039143     -7.467947    
  4.042356     -7.480061    
  4.042382     -7.495762    
  4.044890     -7.490667    
  4.047383     -7.499726    
  4.047409     -7.499804    
  4.047809     -7.501296    
  4.047835     -7.501403    
  4.047865     -7.501616    
  4.051139     -7.514465    
  4.054389     -7.526527    
  4.057614     -7.539191    
  4.060816     -7.551710    
  4.063994     -7.564045    
  4.067150     -7.573837    
  4.070282     -7.597832    
  4.073392     -7.601246    
  4.073418     -7.601061    
  4.076164     -7.612267    
  4.078892     -7.617207    
  4.081603     -7.634072    
  4.084297     -7.643584    
  4.084323     -7.644644    
  4.087228     -7.655642    
  4.090114     -7.666667    
  4.092980     -7.677534    
  4.095828     -7.688569    
  4.098657     -7.700867    
  4.101468     -7.710447    
  4.104261     -7.722494    
  4.107036     -7.732554    
  4.109793     -7.740659    
  4.112533     -7.765719    
  4.115256     -7.764622    
  4.117962     -7.774979    
  4.120651     -7.785909    
  4.123323     -7.798581    
  4.125979     -7.806526    
  4.128620     -7.817408    
  4.128646     -7.817512    
  4.131400     -7.828927    
  4.134137     -7.839997    
  4.136856     -7.849968    
  4.139559     -7.860594    
  4.142245     -7.870429    
  4.144915     -7.883787    
  4.147568     -7.892194    
  4.150205     -7.902567    
  4.150231     -7.902685    
  4.153104     -7.914017    
  4.155957     -7.925328    
  4.155983     -7.925419    
  4.156244     -7.926430    
  4.156270     -7.925364    
  4.158947     -7.939914    
  4.158973     -7.939482    
  4.161758     -7.947082    
  4.161784     -7.948431    
  4.163410     -7.954757    
  4.163436     -7.954868    
  4.163793     -7.956255    
  4.163819     -7.956354    
  4.163989     -7.957012    
  4.164015     -7.957104    
  4.168129     -7.972631    
  4.172204     -7.989116    
  4.176241     -8.004863    
  4.180241     -8.018857    
  4.184204     -8.036413    
  4.188131     -8.051882    
  4.192024     -8.067104    
  4.195882     -8.081121    
  4.195908     -8.084114    
  4.199596     -8.097937    
  4.203253     -8.110525    
  4.206879     -8.125782    
  4.210475     -8.140917    
  4.214042     -8.153330    
  4.217580     -8.167992    
  4.221089     -8.181928    
  4.224570     -8.195706    
  4.228024     -8.209515    
  4.231450     -8.224809    
  4.234849     -8.236402    
  4.238222     -8.249431    
  4.241569     -8.263362    
  4.244890     -8.278552    
  4.248187     -8.289104    
  4.251458     -8.301951    
  4.251484     -8.302931    
  4.255470     -8.317973    
  4.259419     -8.333750    
  4.259445     -8.333867    
  4.261746     -8.343002    
  4.261772     -8.345031    
  4.265747     -8.360866    
  4.265773     -8.359070    
  4.266098     -8.360342    
  4.266124     -8.360443    
  4.269803     -8.374985    
  4.273452     -8.390735    
  4.277070     -8.401089    
  4.280658     -8.417907    
  4.284217     -8.432414    
  4.287747     -8.446386    
  4.291249     -8.461213    
  4.294722     -8.476868    
  4.294748     -8.474055    
  4.297714     -8.486078    
  4.300661     -8.497895    
  4.303587     -8.509742    
  4.306494     -8.521294    
  4.309381     -8.532725    
  4.312250     -8.544828    
  4.315099     -8.555844    
  4.317931     -8.567188    
  4.320743     -8.578413    
  4.323538     -8.589952    
  4.326314     -8.600849    
  4.329073     -8.611638    
  4.331815     -8.622766    
  4.334540     -8.633458    
  4.337247     -8.644088    
  4.339938     -8.656708    
  4.339964     -8.658915    
  4.343714     -8.669003    
  4.347431     -8.684677    
  4.347457     -8.684730    
  4.350370     -8.697228    
  4.353264     -8.708225    
  4.353290     -8.708372    
  4.353671     -8.709938    
  4.353698     -8.710064    
  4.356104     -8.719801    
  4.356130     -8.719968    
  4.357295     -8.724491    
  4.357321     -8.724624    
  4.357613     -8.725838    
  4.357639     -8.725945    
  4.357809     -8.726663    
  4.357835     -8.727668    
  4.360667     -8.738067    
  4.363481     -8.748491    
  4.366277     -8.759524    
  4.369055     -8.771539    
  4.371816     -8.781827    
  4.374559     -8.793857    
  4.377285     -8.803142    
  4.379993     -8.815269    
  4.382685     -8.825266    
  4.385361     -8.836740    
  4.388020     -8.847722    
  4.390662     -8.858210    
  4.393289     -8.868737    
  4.395900     -8.879407    
  4.398496     -8.889063    
  4.401076     -8.900304    
  4.403640     -8.909187    
  4.406190     -8.920861    
  4.408725     -8.929631    
  4.411245     -8.939450    
  4.413751     -8.951799    
  4.416242     -8.960035    
  4.418719     -8.969986    
  4.421182     -8.982672    
  4.423631     -8.985521    
  4.426066     -8.998403    
  4.428488     -9.009277    
  4.430896     -9.020556    
  4.433291     -9.028289    
  4.435673     -9.039086    
  4.438042     -9.047508    
  4.440398     -9.057027    
  4.440424     -9.057155    
  4.442884     -9.066284    
  4.445331     -9.079268    
  4.447764     -9.086396    
  4.450183     -9.096234    
  4.452589     -9.106483    
  4.454981     -9.110489    
  4.457361     -9.125298    
  4.459727     -9.134568    
  4.462081     -9.146144    
  4.464422     -9.153787    
  4.466750     -9.162549    
  4.469066     -9.172229    
  4.471370     -9.181437    
  4.473662     -9.191263    
  4.475941     -9.199654    
  4.478209     -9.209020    
  4.512967     -9.348586    
  4.512994     -9.348799    
  4.514640     -9.355520    
  4.514666     -9.355614    
  4.515975     -9.360845    
  4.516001     -9.360964    
  4.516171     -9.361645    
  4.516198     -9.363284    
  4.585499     -9.642931    
  4.585525     -9.640814    
  4.648519     -9.895612    
  4.648545     -9.894598    
  4.649578     -9.898903    
  4.649604     -9.899315    
  4.649869     -9.900536    
  4.649895     -9.900561    
  4.650065     -9.901082    
  4.650091     -9.901528    
  4.709795     -10.14256    
  4.709821     -10.14371    
  4.765784     -10.36855    
  4.765810     -10.36849    
  4.765853     -10.36866    
  4.765875     -10.36875    
  4.765901     -10.36885    
  4.766049     -10.36945    
  4.766075     -10.37021    
  4.818511     -10.58279    
  4.818536     -10.58185    
  4.868125     -10.78025    
  4.868151     -10.78216    
  4.868182     -10.78226    
  4.868208     -10.78234    
  4.868354     -10.78285    
  4.868380     -10.77855    
  4.915120     -10.97477    
  4.915146     -10.97286    
  4.959480     -11.15185    
  4.959506     -11.15127    
  4.959673     -11.15196    
  4.959697     -11.15206    
  4.959723     -11.15217    
  4.959869     -11.15276    
  4.959895     -11.15465    
  5.002051     -11.31532    
  5.002077     -11.32339    
  5.042016     -11.48481    
  5.042042     -11.48425    
  5.042458     -11.48593    
  5.042484     -11.48604    
  5.042511     -11.48615    
  5.042654     -11.48673    
  5.042681     -11.48683    
  5.081068     -11.64138    
  5.081094     -11.63944    
  5.117599     -11.78730    
  5.117625     -11.78838    
  5.118035     -11.79005    
  5.118061     -11.79016    
  5.118087     -11.79026    
  5.118232     -11.79084    
  5.118258     -11.78655    
  5.153493     -11.93461    
  5.153519     -11.93286    
  5.187234     -12.06840    
  5.187260     -12.06787    
  5.187559     -12.06918    
  5.187585     -12.06927    
  5.187614     -12.06938    
  5.187756     -12.06991    
  5.187782     -12.07094    
  5.251210     -12.32563    
  5.251236     -12.32374    
  5.251962     -12.32713    
  5.251988     -12.32715    
  5.252125     -12.32765    
  5.252151     -12.32864    
  5.311781     -12.56635    
  5.311807     -12.56654    
  5.311888     -12.56689    
  5.311914     -12.56700    
  5.312051     -12.56756    
  5.312078     -12.56871    
  5.368109     -12.79120    
  5.368135     -12.79152    
  5.420767     -13.00175    
  5.420793     -13.00094    
  5.470414     -13.19651    
  5.470440     -13.19717    
  5.517376     -13.38389    
  5.517402     -13.38352    
  5.561929     -13.55877    
  5.561955     -13.55935    
  5.604308     -13.72202    
  5.604334     -13.72538    
  5.644714     -13.88328    
  5.644741     -13.91254    
  6.106957     -15.81864    
  6.325762     -16.39674    
  6.578994     -17.19578    
  6.853996     -17.97105    
  7.141402     -18.71171    
  7.435456     -19.44824    
  7.732956     -20.22049    
  8.032210     -21.04011    
  8.332349     -21.88156    
  8.632934     -22.74556    
  8.933740    -100.00000    
