 0.6915830     -123.3691    
 0.6916091     -123.3692    
 0.6950408     -123.3761    
 0.6950669     -123.7207    
 0.6981765     -122.8811    
 0.6982026     -122.8063    
 0.6989700    -100.00000    
 0.7265526    -100.00000    
 0.7524875     -110.4834    
 0.7525136     -110.0592    
 0.7562684     -109.4817    
 0.7562944    -100.00000    
 0.7903624    -100.00000    
 0.8219512     -99.31320    
 0.8219773     -98.89904    
 0.8256871     -98.45526    
 0.8257132     -98.43219    
 0.8270964     -98.23814    
 0.8271225     -98.24680    
 0.8287464     -97.98798    
 0.8287724    -100.00000    
 0.8615415    -100.00000    
 0.8920105    -100.00000    
 0.9204814    -100.00000    
 0.9472000     -82.39571    
 0.9472261    -100.00000    
 0.9610684     -79.84657    
 0.9610945    -100.00000    
 0.9737423     -78.42660    
 0.9737684     -78.28002    
 0.9757254     -78.10051    
 0.9757515     -78.27964    
 0.9780505     -77.72232    
 0.9780766    -100.00000    
  1.002006    -100.00000    
  1.024685    -100.00000    
  1.066772    -100.00000    
  1.105139    -100.00000    
  1.140390    -100.00000    
  1.172993    -100.00000    
  1.203318    -100.00000    
  1.231664     -61.32608    
  1.258272     -58.96119    
  1.258298     -56.98241    
  1.281083     -55.71416    
  1.281109     -46.02144    
  1.305160     -44.78173    
  1.305186    -100.00000    
  1.326915     -37.88310    
  1.326941     -37.70703    
  1.346694     -37.02253    
  1.346720     -37.32620    
  1.362546     -36.85645    
  1.362572     -37.38678    
  1.390897     -36.18757    
  1.390924    -100.00000    
  1.416635     -33.23246    
  1.416661    -100.00000    
  1.443021     -29.57492    
  1.443047    -100.00000    
  1.465962     -26.72182    
  1.465988    -100.00000    
  1.485873     -24.03047    
  1.485899    -100.00000    
  1.499967     -22.27457    
  1.499993     -22.00388    
  1.524019    -100.00000    
  1.546785     -22.80600    
  1.546812     -17.46229    
  1.576132    -100.00000    
  1.576158     -21.75185    
  1.604777    -100.00000    
  1.604803     -14.41221    
  1.629435    -100.00000    
  1.629461     -17.51027    
  1.655483    -100.00000    
  1.680033    -100.00000    
  1.703270     -24.69393    
  1.725326     -24.83878    
  1.725352     -24.63906    
  1.731789     -24.50643    
  1.731815    -100.00000    
  1.759985    -100.00000    
  1.786439     -22.05133    
  1.786465    -100.00000    
  1.816267    -100.00000    
  1.844155     -19.09348    
  1.844181    -100.00000    
  1.873455     -17.76523    
  1.873481    -100.00000    
  1.905852     -16.43750    
  1.905878     -16.32024    
  1.913985     -15.99377    
  1.914011     -16.06369    
  1.926739     -15.53272    
  1.926765     -15.49968    
  1.927492     -15.47298    
  1.927518    -100.00000    
  1.953099     -14.65189    
  1.953125    -100.00000    
  1.992547     -13.40480    
  1.992573     -13.25489    
  1.994242     -13.20134    
  1.994268     -13.20120    
  1.996583     -13.12699    
  1.996609     -13.13087    
  1.997969     -13.05496    
  1.997995     -12.97462    
  2.007452     -12.59873    
  2.007478     -12.58751    
  2.018315     -12.28196    
  2.018341     -12.23535    
  2.028139     -11.99733    
  2.028165     -12.09053    
  2.036834     -11.77522    
  2.036860     -11.86172    
  2.054806     -10.82950    
  2.054832     -10.70388    
  2.061074     -10.59074    
  2.061100     -11.10396    
  2.077560     -10.15096    
  2.077586     -9.853017    
  2.096009     -9.806024    
  2.096035     -10.24267    
  2.097335     -9.586415    
  2.097361     -9.443673    
  2.101549     -9.223592    
  2.101575     -9.243186    
  2.102614     -9.318954    
  2.102640     -9.220860    
  2.105856     -9.301894    
  2.105882     -9.436306    
  2.106131     -9.495797    
  2.106157     -9.750503    
  2.111538     -9.306334    
  2.111564     -9.249634    
  2.111972     -9.164501    
  2.111998     -8.921356    
  2.119253     -9.480539    
  2.119279     -9.427785    
  2.124259     -9.058675    
  2.124285     -9.141859    
  2.127003     -9.206185    
  2.127029     -9.205514    
  2.127689     -9.501844    
  2.127715     -9.083225    
  2.137516     -9.402614    
  2.137543     -8.943202    
  2.138167     -8.974328    
  2.138193     -9.313666    
  2.149401     -9.076385    
  2.149427     -8.754932    
  2.150323     -8.823501    
  2.150349     -8.822262    
  2.150451     -8.826920    
  2.150478     -8.932940    
  2.156771     -8.543970    
  2.156797     -8.706409    
  2.158990     -8.591833    
  2.159016     -8.812588    
  2.168085     -8.257239    
  2.168111     -8.373520    
  2.177634     -8.083544    
  2.177660     -8.058153    
  2.181761     -9.658778    
  2.181787    -100.00000    
  2.188475     -7.696368    
  2.188501     -8.552829    
  2.202392     -7.543281    
  2.202418     -7.639712    
  2.204200     -7.444755    
  2.204226     -7.399583    
  2.209967     -7.746999    
  2.209993     -7.518546    
  2.217868     -7.573079    
  2.217894     -7.623122    
  2.217973     -7.623427    
  2.217999     -7.629507    
  2.218346     -7.566141    
  2.218372     -7.559971    
  2.218718     -7.532133    
  2.218745     -7.631144    
  2.225651     -7.613866    
  2.232450     -7.558527    
  2.232476     -7.407232    
  2.234725     -7.324995    
  2.234751     -7.601740    
  2.239647     -7.696023    
  2.239673     -7.228761    
  2.242461     -7.407225    
  2.242487     -7.429064    
  2.243634     -7.243131    
  2.243660     -7.284910    
  2.245376     -7.230703    
  2.245402     -7.278544    
  2.250751     -7.689158    
  2.250777     -7.637651    
  2.253726     -6.961703    
  2.253752     -6.919160    
  2.257114     -7.333985    
  2.260450     -7.558246    
  2.263761     -7.127914    
  2.267047     -6.918570    
  2.267073     -6.847018    
  2.270520     -6.924756    
  2.270546     -6.954636    
  2.271659     -6.950915    
  2.271685     -6.928046    
  2.271838     -6.912995    
  2.271864     -7.079648    
  2.273764     -7.808254    
  2.273790     -7.309274    
  2.275848     -6.976144    
  2.275875     -6.887543    
  2.278055     -6.754394    
  2.278081     -6.822151    
  2.280272     -6.767915    
  2.280298     -6.862172    
  2.283835     -7.063952    
  2.283861     -6.910904    
  2.285263     -6.929731    
  2.285289     -8.579884    
  2.286319     -7.451360    
  2.286345     -7.389421    
  2.286816     -7.154757    
  2.286843     -7.155915    
  2.289444     -6.520950    
  2.292031     -6.779323    
  2.294602     -7.357833    
  2.297158     -6.541290    
  2.297184     -6.524506    
  2.298013     -6.401053    
  2.298039     -6.358488    
  2.299510     -6.381530    
  2.299536     -6.469368    
  2.301188     -6.675018    
  2.302835     -6.623139    
  2.304475     -6.720740    
  2.306109     -6.577138    
  2.306135     -6.573658    
  2.307390     -6.604857    
  2.308642     -6.419712    
  2.308668     -6.346674    
  2.310145     -6.403945    
  2.311618     -6.421730    
  2.313085     -6.507591    
  2.314548     -6.266270    
  2.314574     -6.233794    
  2.315022     -6.274104    
  2.315048     -6.297422    
  2.315628     -6.416281    
  2.315654     -6.297948    
  2.316640     -7.215383    
  2.317624     -6.855068    
  2.317650     -6.837650    
  2.318472     -6.596406    
  2.318499     -6.536901    
  2.319125     -6.594799    
  2.319151     -6.530719    
  2.320138     -6.400215    
  2.321123     -6.788770    
  2.322105     -6.518069    
  2.323085     -6.395355    
  2.323111     -6.357044    
  2.324238     -6.129806    
  2.324264     -6.116474    
  2.325142     -6.021827    
  2.326019     -5.978800    
  2.326894     -5.978388    
  2.327767     -6.010220    
  2.327793     -6.020987    
  2.328784     -6.119184    
  2.329773     -6.098855    
  2.330760     -6.631937    
  2.331745     -6.391510    
  2.331771     -6.333837    
  2.332451     -6.023962    
  2.333131     -6.903950    
  2.333157     -6.460344    
  2.333940     -6.353005    
  2.334721     -6.201089    
  2.334747     -6.187828    
  2.335758     -5.991830    
  2.336767     -5.856730    
  2.337773     -5.828852    
  2.338777     -5.901957    
  2.338803     -5.913263    
  2.339391     -5.969687    
  2.339977     -5.949413    
  2.340563     -5.964050    
  2.341149     -5.996434    
  2.341175     -6.000918    
  2.341313     -6.014924    
  2.341339     -6.018302    
  2.341416     -6.027630    
  2.341442     -6.037308    
  2.341995     -6.071933    
  2.342548     -6.035766    
  2.342574     -6.036205    
  2.343152     -6.016993    
  2.343730     -5.988513    
  2.344307     -6.002271    
  2.344884     -6.137629    
  2.344910     -6.174660    
  2.345914     -6.285546    
  2.346415     -6.229652    
  2.346916     -6.126865    
  2.347416     -5.987326    
  2.347915     -5.936147    
  2.348414     -5.936212    
  2.348912     -5.920783    
  2.348938     -5.916874    
  2.349663     -5.944383    
  2.350387     -5.989351    
  2.350413     -6.011364    
  2.351174     -5.988144    
  2.351935     -5.928392    
  2.352694     -5.928310    
  2.353452     -5.933806    
  2.353478     -5.931112    
  2.354014     -5.914463    
  2.354040     -5.908761    
  2.354826     -5.863757    
  2.355610     -5.839903    
  2.356393     -5.741001    
  2.357175     -5.639943    
  2.357201     -5.661131    
  2.357613     -5.672289    
  2.357639     -5.680740    
  2.360689     -5.595724    
  2.360715     -5.573987    
  2.361482     -5.569600    
  2.361508     -5.596445    
  2.370561     -5.460904    
  2.370587     -5.352976    
  2.372143     -5.164564    
  2.372169     -5.180617    
  2.373576     -5.140407    
  2.373602     -5.087770    
  2.376732     -5.305506    
  2.376758     -5.842423    
  2.381432     -5.193498    
  2.381458     -5.013516    
  2.381604     -4.995932    
  2.381630     -4.995275    
  2.382020     -4.943128    
  2.382046     -4.495043    
  2.384696     -4.761705    
  2.384723     -4.352075    
  2.387156    -100.00000    
  2.387182     -5.229902    
  2.387250     -5.223871    
  2.387276     -4.647806    
  2.397757     -4.681882    
  2.397783     -4.556200    
  2.403737     -4.005284    
  2.403763     -4.388336    
  2.405849     -4.119102    
  2.405875     -4.217202    
  2.406950     -4.238829    
  2.406976     -4.182018    
  2.409375     -4.868512    
  2.409401     -6.255900    
  2.409997     -5.011719    
  2.410023     -4.988939    
  2.411532     -4.275150    
  2.411558     -4.339709    
  2.413129     -4.246444    
  2.413155     -4.333402    
  2.414139     -4.175193    
  2.414165     -3.719412    
  2.414800     -3.756810    
  2.414826     -4.092825    
  2.417258     -3.849266    
  2.417284     -4.001084    
  2.417479     -4.049121    
  2.417505     -4.035038    
  2.419934     -4.140914    
  2.419960     -4.052054    
  2.429044     -4.032376    
  2.429070     -4.288670    
  2.429812     -4.106134    
  2.429838     -4.152224    
  2.429941     -4.145828    
  2.429968     -4.149900    
  2.433545     -4.008686    
  2.433571     -3.948518    
  2.434793     -4.185819    
  2.434819     -4.360084    
  2.435600     -4.180942    
  2.435626     -4.090498    
  2.438130     -4.086761    
  2.438156     -3.753901    
  2.438775     -3.878653    
  2.438801     -4.065047    
  2.441117     -3.748192    
  2.441143     -3.902871    
  2.441622     -3.917174    
  2.441648     -3.953085    
  2.443145     -3.834505    
  2.443172     -3.735229    
  2.446855     -4.222983    
  2.446881    -100.00000    
  2.448077     -4.160191    
  2.448103     -4.052604    
  2.449403     -4.383106    
  2.449429     -4.119231    
  2.454802     -3.763207    
  2.454828     -3.897215    
  2.455220     -3.822524    
  2.455246     -3.822839    
  2.455715     -3.734717    
  2.455741     -3.726370    
  2.456057     -3.736858    
  2.456083     -3.726306    
  2.457136     -4.123576    
  2.457162     -4.015114    
  2.460232     -3.906829    
  2.460258     -3.935788    
  2.460625     -3.875545    
  2.460651     -3.852478    
  2.461200     -3.846409    
  2.461226     -3.869708    
  2.461623     -3.943686    
  2.461649     -3.963286    
  2.465081     -3.950259    
  2.465107     -3.974425    
  2.466316     -4.603073    
  2.466342     -4.426743    
  2.467007     -4.341850    
  2.467033     -4.193684    
  2.469850     -4.459942    
  2.469876     -4.356762    
  2.470870     -4.158301    
  2.470896     -4.156483    
  2.471160     -4.123355    
  2.471186     -4.125912    
  2.471286     -4.128875    
  2.471312     -4.122263    
  2.471592     -4.183271    
  2.471618     -4.162959    
  2.471859     -4.152974    
  2.471885     -4.101270    
  2.473938     -4.136838    
  2.473964     -4.149274    
  2.476473     -3.943569    
  2.476499     -3.811943    
  2.476658     -3.746071    
  2.476684     -3.735485    
  2.477008     -3.654133    
  2.477034     -4.026784    
  2.479576     -3.663786    
  2.479602     -3.644249    
  2.483495    -100.00000    
  2.483521     -4.831762    
  2.483855     -4.615628    
  2.483881     -4.612165    
  2.484161     -4.436808    
  2.484187     -4.426643    
  2.484225     -4.409165    
  2.484298     -4.373924    
  2.484324     -4.360732    
  2.484548     -4.250489    
  2.484574     -4.217829    
  2.487068     -3.671586    
  2.487094     -3.574063    
  2.490987     -3.709827    
  2.491013     -3.675610    
  2.491430     -3.692617    
  2.491456     -4.121143    
  2.493829     -3.798000    
  2.493855     -4.113229    
  2.494479     -4.153742    
  2.494505     -4.163821    
  2.496138     -3.668141    
  2.496164     -3.867145    
  2.497264     -3.759778    
  2.497290     -3.774928    
  2.497709     -3.827463    
  2.497735     -3.826999    
  2.498054     -3.846791    
  2.498080     -3.890846    
  2.501933     -3.599554    
  2.501959     -3.694313    
  2.503950     -3.834668    
  2.503976     -3.742660    
  2.504100     -3.725062    
  2.504126     -3.696263    
  2.506222     -3.659897    
  2.506248     -3.667889    
  2.506887     -3.647785    
  2.506913     -3.659546    
  2.507076     -3.671839    
  2.507102     -3.673649    
  2.507234     -3.682772    
  2.507260     -3.705941    
  2.508936     -3.718992    
  2.508962     -3.689124    
  2.509000     -3.682216    
  2.509026     -3.644819    
  2.509852     -3.598474    
  2.509878     -3.638737    
  2.510053     -3.675595    
  2.510079     -3.827711    
  2.511786     -3.804539    
  2.511813     -3.702086    
  2.512377     -3.640470    
  2.512404     -3.595353    
  2.514206     -3.708337    
  2.514232     -3.583235    
  2.515517     -3.532285    
  2.515543     -3.563821    
  2.515749     -3.567322    
  2.515775     -3.567616    
  2.515839     -3.569204    
  2.515866     -3.570112    
  2.515902     -3.571636    
  2.515928     -3.569068    
  2.516736     -3.667786    
  2.516763     -3.663987    
  2.516973     -3.657249    
  2.516999     -3.652076    
  2.517971     -3.528490    
  2.517997     -3.537971    
  2.518475     -3.614271    
  2.518501     -3.625180    
  2.519371     -3.535494    
  2.519397     -3.570616    
  2.523458     -3.624542    
  2.523485     -3.649837    
  2.526015     -3.643066    
  2.528531     -3.649537    
  2.528557     -3.736032    
  2.532645     -3.702726    
  2.532671     -3.695405    
  2.533864     -3.674997    
  2.533890     -3.579598    
  2.536637     -3.614822    
  2.539367     -3.645437    
  2.539394     -3.652458    
  2.542501     -3.760299    
  2.542527     -3.852471    
  2.544716     -3.635952    
  2.544742     -3.798316    
  2.546838     -3.759592    
  2.546864     -3.705755    
  2.547359     -3.686119    
  2.547385     -3.687483    
  2.547467     -3.682492    
  2.547493     -3.652159    
  2.551148     -3.623685    
  2.551174     -3.636153    
  2.551788     -3.634979    
  2.551814     -3.704192    
  2.555525     -3.726780    
  2.555551     -3.640071    
  2.558413     -3.598587    
  2.558439     -3.597496    
  2.558900     -3.593753    
  2.558926     -3.615372    
  2.562365     -3.672622    
  2.562391     -3.738365    
  2.562708     -3.799978    
  2.562735     -3.854423    
  2.565530     -3.635616    
  2.568307     -3.844796    
  2.568333     -3.620084    
  2.568399     -3.602373    
  2.568425     -3.582098    
  2.568740     -3.592499    
  2.568765     -3.618278    
  2.568792     -3.764104    
  2.571346     -3.603901    
  2.571372     -3.609876    
  2.571520     -3.601257    
  2.571546     -3.586103    
  2.573817     -3.632681    
  2.576076     -3.587229    
  2.576102     -3.804416    
  2.579478     -3.673985    
  2.582828     -3.724069    
  2.582854     -3.660409    
  2.584966     -3.737029    
  2.584992     -3.973662    
  2.586240     -3.851168    
  2.586266     -3.685529    
  2.588283     -3.652908    
  2.588309     -3.730412    
  2.589445     -4.322634    
  2.589471     -4.269041    
  2.590629     -3.977128    
  2.590655     -3.924415    
  2.592847     -4.000751    
  2.595028     -3.847294    
  2.595054     -3.622019    
  2.596291     -3.733779    
  2.596317     -3.784003    
  2.596347     -3.874539    
  2.597676     -3.784198    
  2.597703     -3.898821    
  2.599443     -3.774665    
  2.599469     -3.852901    
  2.600950     -3.875332    
  2.600976     -3.890864    
  2.603363     -3.644175    
  2.603390     -3.598565    
  2.606269     -3.727683    
  2.606295     -3.771075    
  2.606355     -3.767527    
  2.606381     -3.742174    
  2.607088     -3.825395    
  2.607114     -3.852289    
  2.607268     -3.868314    
  2.607294     -3.867345    
  2.607422     -3.854291    
  2.607448     -3.849139    
  2.607583     -3.818450    
  2.607610     -3.792498    
  2.608822     -3.693508    
  2.608848     -3.685209    
  2.611614     -3.643690    
  2.614363     -3.696401    
  2.614389     -3.718047    
  2.617047     -3.667123    
  2.619690     -3.573269    
  2.619716     -3.597616    
  2.620810     -3.582793    
  2.620836     -3.561127    
  2.620889     -3.559331    
  2.620915     -3.559509    
  2.621993     -3.555441    
  2.622019     -3.629420    
  2.625501     -3.810290    
  2.625527     -3.611006    
  2.626327     -3.641098    
  2.626353     -3.640370    
  2.627054     -3.743847    
  2.627080     -3.767571    
  2.630159     -3.633800    
  2.633217     -3.664741    
  2.633243     -3.623894    
  2.633616     -3.674918    
  2.633642     -3.706843    
  2.634860     -3.765584    
  2.634886     -3.768039    
  2.637264     -3.628238    
  2.637290     -3.602800    
  2.640667     -3.629337    
  2.640693     -3.580616    
  2.642655     -3.744922    
  2.644608     -3.548690    
  2.644634     -3.618953    
  2.645884     -3.617846    
  2.645910     -3.575826    
  2.646467     -3.641118    
  2.646493     -3.669916    
  2.646793     -3.756401    
  2.646819     -3.744673    
  2.648509     -3.547120    
  2.648535     -3.586713    
  2.648569     -3.600238    
  2.650611     -3.572517    
  2.650637     -3.559948    
  2.652053     -3.577159    
  2.652079     -3.583157    
  2.652535     -3.610151    
  2.652561     -3.624303    
  2.653789     -3.663435    
  2.653815     -3.640766    
  2.654544     -3.633338    
  2.654570     -3.621185    
  2.655879     -3.587136    
  2.655905     -3.593539    
  2.656887     -3.565281    
  2.656913     -3.576559    
  2.656969     -3.578558    
  2.656995     -3.580906    
  2.657324     -3.581065    
  2.657350     -3.579108    
  2.657529     -3.575167    
  2.657556     -3.572101    
  2.658514     -3.587789    
  2.658540     -3.582281    
  2.659819     -3.610259    
  2.659845     -3.584659    
  2.661662     -3.567925    
  2.661688     -3.582456    
  2.661741     -3.583648    
  2.661767     -3.591265    
  2.662869     -3.577103    
  2.662895     -3.570692    
  2.662923     -3.569389    
  2.663217     -3.568786    
  2.663243     -3.571970    
  2.664942     -3.634682    
  2.664968     -3.644500    
  2.666637     -3.599767    
  2.668300     -3.558931    
  2.668327     -3.562987    
  2.669554     -3.569702    
  2.670779     -3.611348    
  2.670805     -3.617139    
  2.672474     -3.577493    
  2.674136     -3.581269    
  2.674162     -3.594449    
  2.675402     -3.607239    
  2.675428     -3.596979    
  2.676854     -3.590765    
  2.676880     -3.588700    
  2.677782     -3.588519    
  2.677808     -3.582254    
  2.679265     -3.589352    
  2.680718     -3.586275    
  2.682165     -3.584586    
  2.683608     -3.585195    
  2.683634     -3.586568    
  2.684647     -3.587640    
  2.685650     -3.586994    
  2.685677     -3.587066    
  2.685745     -3.587299    
  2.685771     -3.587302    
  2.686018     -3.589217    
  2.686044     -3.588562    
  2.686551     -3.602176    
  2.686577     -3.613390    
  2.687604     -3.588722    
  2.688629     -3.589206    
  2.688655     -3.589370    
  2.689773     -3.596721    
  2.690888     -3.614880    
  2.690914     -3.609759    
  2.690957     -3.610292    
  2.690983     -3.624715    
  2.692104     -3.594492    
  2.692663     -3.614775    
  2.693221     -3.618584    
  2.693247     -3.609841    
  2.693930     -3.605274    
  2.694611     -3.606680    
  2.695292     -3.595146    
  2.695971     -3.594875    
  2.696650     -3.599769    
  2.697327     -3.603121    
  2.698003     -3.599426    
  2.698678     -3.603416    
  2.698704     -3.604769    
  2.698747     -3.605413    
  2.698773     -3.606231    
  2.699173     -3.609877    
  2.699199     -3.610028    
  2.699707     -3.605778    
  2.700214     -3.601964    
  2.700240     -3.601946    
  2.700517     -3.600934    
  2.700543     -3.601068    
  2.700562     -3.601077    
  2.700588     -3.601096    
  2.701102     -3.602071    
  2.701616     -3.604366    
  2.702128     -3.606666    
  2.702641     -3.605877    
  2.702667     -3.608938    
  2.704263     -3.604443    
  2.704289     -3.606251    
  2.704778     -3.605329    
  2.704804     -3.605557    
  2.705149     -3.607968    
  2.705176     -3.609088    
  2.706354     -3.611648    
  2.706380     -3.606590    
  2.707338     -3.608893    
  2.707364     -3.609774    
  2.708243     -3.610952    
  2.708265     -3.610974    
  2.708291     -3.611052    
  2.708382     -3.611401    
  2.708408     -3.611049    
  2.709302     -3.618377    
  2.709328     -3.607399    
  2.710066     -3.695304    
  2.710092     -3.723271    
  2.712261     -3.575444    
  2.712287     -3.618321    
  2.716426     -3.624491    
  2.716452     -3.628149    
  2.716512     -3.628539    
  2.716538     -3.619133    
  2.718970     -3.651033    
  2.721389     -3.609359    
  2.721415     -3.625277    
  2.721822     -3.625024    
  2.721848     -3.618220    
  2.724988     -3.646169    
  2.725014     -3.699733    
  2.725160     -3.727583    
  2.725186     -3.731963    
  2.725284     -3.745430    
  2.725310     -3.763998    
  2.725772     -3.703464    
  2.725798     -3.634300    
  2.727554     -3.622599    
  2.727580     -3.637068    
  2.728176     -3.647293    
  2.728202     -3.647934    
  2.728398     -3.647009    
  2.728424     -3.646245    
  2.728587     -3.641104    
  2.728613     -3.632831    
  2.730067     -3.631350    
  2.730093     -3.635374    
  2.733184     -3.638336    
  2.733210     -3.638737    
  2.734192     -3.644318    
  2.734218     -3.650539    
  2.735929     -3.647828    
  2.735955     -3.643565    
  2.736022     -3.642269    
  2.736048     -3.640468    
  2.737089     -3.644485    
  2.737115     -3.643635    
  2.738198     -3.644625    
  2.738224     -3.644566    
  2.738774     -3.650160    
  2.738800     -3.650961    
  2.740331     -3.646106    
  2.740357     -3.651813    
  2.742489     -3.649523    
  2.742515     -3.649292    
  2.742845     -3.652065    
  2.742871     -3.928032    
  2.746971     -4.172978    
  2.746997     -3.794862    
  2.749427     -3.406773    
  2.751831     -3.662109    
  2.751857     -3.590759    
  2.752111     -3.610710    
  2.752137     -3.613964    
  2.753459     -3.645706    
  2.753485     -3.641201    
  2.754539     -3.652269    
  2.754566     -3.652158    
  2.754881     -3.655610    
  2.754907     -3.656881    
  2.755529     -3.660517    
  2.755555     -3.659359    
  2.758504     -3.672725    
  2.758531     -3.668926    
  2.759057     -3.670196    
  2.759083     -3.670644    
  2.759298     -3.671537    
  2.759324     -3.671697    
  2.759941     -3.672384    
  2.759967     -3.672587    
  2.760777     -3.673429    
  2.760803     -3.672377    
  2.762338     -3.674903    
  2.762364     -3.674994    
  2.763494     -3.681459    
  2.763520     -3.685175    
  2.764607     -3.676670    
  2.764634     -3.679079    
  2.764790     -3.680457    
  2.764816     -3.681458    
  2.765431     -3.679749    
  2.765457     -3.679164    
  2.765786     -3.679724    
  2.765812     -3.680041    
  2.766720     -3.680943    
  2.766746     -3.681935    
  2.767599     -3.687682    
  2.767625     -3.685724    
  2.768816     -3.683203    
  2.768842     -3.683597    
  2.768873     -3.683569    
  2.768899     -3.683409    
  2.769246     -3.684421    
  2.769273     -3.682976    
  2.770825     -3.692099    
  2.770851     -3.705468    
  2.772571     -3.684742    
  2.772597     -3.688934    
  2.775871     -3.694406    
  2.775898     -3.693364    
  2.777571     -3.695621    
  2.777597     -3.683572    
  2.781452     -3.744050    
  2.781478     -3.772835    
  2.783779     -3.708510    
  2.783805     -3.675936    
  2.786347    -100.00000    
  2.786373     -4.271466    
  2.787394     -3.926174    
  2.787420     -3.903478    
  2.789379     -3.631968    
  2.789405     -3.526062    
  2.792084     -3.573650    
  2.792110     -3.655179    
  2.795992     -3.762399    
  2.796018     -4.008642    
  2.799330     -3.893929    
  2.799356     -5.780583    
  2.799768     -5.194022    
  2.799795     -6.199502    
  2.800685     -4.169360    
  2.800711     -4.008628    
  2.802982     -3.415877    
  2.803008     -3.585719    
  2.805911     -3.357856    
  2.808794     -3.714256    
  2.811659     -3.739792    
  2.814504     -3.748012    
  2.814531     -3.749138    
  2.815805     -3.750260    
  2.815831     -3.750152    
  2.816461     -3.751794    
  2.816487     -3.752289    
  2.817048     -3.752096    
  2.817074     -3.752199    
  2.818601     -3.757761    
  2.818627     -3.759631    
  2.822346     -3.769767    
  2.826033     -3.836405    
  2.826059     -3.759850    
  2.829643     -3.774891    
  2.829669     -3.773556    
  2.833025     -3.778850    
  2.833051     -3.780159    
  2.836279     -3.782878    
  2.836305     -3.783612    
  2.836473     -3.784199    
  2.836499     -3.785592    
  2.839407     -3.798252    
  2.839433     -3.782479    
  2.840448     -3.817850    
  2.840474     -3.808612    
  2.844142     -3.788867    
  2.844168     -3.796262    
  2.844752     -3.796915    
  2.844778     -3.796747    
  2.845644     -3.800320    
  2.845670     -3.799807    
  2.846022     -3.799787    
  2.846048     -3.799901    
  2.846084     -3.799979    
  2.846110     -3.799949    
  2.846350     -3.801251    
  2.846376     -3.797717    
  2.846960     -3.824115    
  2.846986     -3.870037    
  2.850315     -3.780178    
  2.850341     -3.799686    
  2.851138     -3.828803    
  2.851164     -3.843167    
  2.851303     -3.867506    
  2.851329     -3.875095    
  2.851635     -3.928703    
  2.851661     -3.925979    
  2.853000     -3.769738    
  2.853026     -3.802289    
  2.853688     -3.813813    
  2.853714     -3.813572    
  2.856751     -3.817955    
  2.856777     -3.818893    
  2.859747     -3.827103    
  2.859773     -3.826112    
  2.863227     -3.833425    
  2.863253     -3.832019    
  2.864041     -3.836950    
  2.864067     -3.836729    
  2.864202     -3.836523    
  2.864228     -3.832409    
  2.866992     -3.837460    
  2.867018     -3.843695    
  2.869268     -3.838472    
  2.871507     -3.845522    
  2.871533     -3.846021    
  2.871590     -3.846393    
  2.871617     -3.846725    
  2.871996     -3.848187    
  2.872022     -3.848193    
  2.874358     -3.852726    
  2.874384     -3.848609    
  2.876673     -3.858023    
  2.876699     -3.857514    
  2.877153     -3.854638    
  2.877179     -3.855951    
  2.880574     -3.871325    
  2.880600     -4.035678    
  2.882343    -100.00000    
  2.882369     -4.711856    
  2.882700     -4.534722    
  2.882726     -4.654440    
  2.885367     -4.115045    
  2.885393     -3.915964    
  2.886410     -3.657012    
  2.886436     -3.657321    
  2.886684     -3.629239    
  2.886711     -3.594321    
  2.887586     -3.636333    
  2.887612     -3.748452    
  2.888537     -4.060299    
  2.888563     -4.019431    
  2.889344     -3.737169    
  2.889370     -3.569594    
  2.891995     -4.634886    
  2.892021     -4.140990    
  2.893735     -3.796976    
  2.893761     -3.785728    
  2.894101     -3.716003    
  2.894127     -3.689987    
  2.895125     -3.814194    
  2.895151     -3.812706    
  2.895520     -3.838856    
  2.895547     -4.303135    
  2.896797     -4.260193    
  2.896824     -4.059137    
  2.897817    -100.00000    
  2.897843     -5.342584    
  2.900619     -3.979754    
  2.900645     -3.984411    
  2.901366     -3.833492    
  2.901392     -3.685621    
  2.905057     -3.746268    
  2.905083     -3.805781    
  2.905579     -3.825409    
  2.905605     -3.835139    
  2.907884     -3.903252    
  2.907910     -3.892879    
  2.908129     -3.892349    
  2.908155     -3.890479    
  2.908507     -3.933682    
  2.908533     -3.980399    
  2.909451     -3.931630    
  2.909477     -3.900169    
  2.910120     -3.892391    
  2.910146     -3.893707    
  2.913205     -3.918892    
  2.916242     -3.928469    
  2.916268     -3.931009    
  2.916557     -3.939955    
  2.916584     -3.941137    
  2.916815     -3.945164    
  2.916841     -3.945847    
  2.917202     -3.937526    
  2.917228     -3.931640    
  2.917946     -3.923090    
  2.917972     -3.926760    
  2.921796     -3.935791    
  2.921822     -3.934426    
  2.925060     -3.941941    
  2.925086     -3.940626    
  2.925714     -4.022868    
  2.925740     -4.033672    
  2.925879     -4.051500    
  2.925905     -4.052714    
  2.925971     -4.054643    
  2.925997     -4.012359    
  2.927585     -3.912246    
  2.927611     -3.942401    
  2.927702     -3.943582    
  2.927728     -3.943936    
  2.927981     -3.948047    
  2.928007     -3.949555    
  2.928701     -3.947124    
  2.928727     -3.947843    
  2.929157     -3.949919    
  2.929183     -3.949450    
  2.929555     -3.948636    
  2.929581     -3.948667    
  2.929997     -3.950060    
  2.930023     -3.950193    
  2.930276     -3.950898    
  2.930302     -3.950944    
  2.930635     -3.952084    
  2.930661     -3.952180    
  2.930674     -3.952222    
  2.930700     -3.952354    
  2.930993     -3.952890    
  2.931020     -3.952815    
  2.931455     -3.953283    
  2.931481     -3.962243    
  2.932685     -3.994603    
  2.932711     -3.964285    
  2.934676     -3.952016    
  2.934702     -3.956696    
  2.935383     -3.960706    
  2.935409     -3.963821    
  2.936838     -4.107099    
  2.936864     -3.993170    
  2.937442     -3.918409    
  2.937468     -3.926777    
  2.937555     -3.925510    
  2.937581     -3.940198    
  2.939148     -3.975047    
  2.939174     -3.965339    
  2.939362     -3.965998    
  2.939388     -3.965287    
  2.942758     -3.979976    
  2.942785     -3.971357    
  2.943789     -3.975304    
  2.943815     -3.976106    
  2.943844     -3.975919    
  2.944299     -3.983905    
  2.944325     -3.992604    
  2.945296     -3.989981    
  2.945322     -3.977433    
  2.946304     -3.980948    
  2.946330     -3.980505    
  2.946717     -3.982400    
  2.946743     -3.982568    
  2.946776     -3.982716    
  2.946802     -3.982612    
  2.950801     -3.989422    
  2.950827     -3.988963    
  2.951318     -3.990753    
  2.951344     -3.990984    
  2.951741     -3.991973    
  2.951767     -3.991793    
  2.952632     -3.994349    
  2.952658     -3.994459    
  2.953349     -3.994488    
  2.953375     -3.994250    
  2.953780     -3.995094    
  2.953806     -3.995310    
  2.954021     -3.996195    
  2.954047     -3.996307    
  2.954374     -3.998061    
  2.954391     -3.998155    
  2.954417     -3.998438    
  2.954846     -3.999672    
  2.954872     -3.999563    
  2.955769     -3.997881    
  2.955795     -3.998530    
  2.956192     -4.001401    
  2.956218     -4.001525    
  2.956377     -4.002129    
  2.956403     -4.002192    
  2.956852     -4.002861    
  2.956878     -4.002986    
  2.957651     -4.003542    
  2.957677     -4.003452    
  2.957733     -4.003449    
  2.957759     -4.003283    
  2.958652     -4.006023    
  2.958678     -4.005803    
  2.958733     -4.005869    
  2.958753     -4.005898    
  2.958779     -4.005724    
  2.959227     -4.007754    
  2.959253     -4.008139    
  2.959299     -4.008466    
  2.959325     -4.008687    
  2.959550     -4.010006    
  2.959576     -4.010085    
  2.959605     -4.010212    
  2.959622     -4.010280    
  2.959648     -4.010382    
  2.959673     -4.010471    
  2.959699     -4.010589    
  2.959869     -4.010841    
  2.959895     -4.010810    
  2.959946     -4.010799    
  2.959972     -4.010567    
  2.960724     -4.012033    
  2.960751     -4.011940    
  2.961052     -4.011170    
  2.961078     -4.011045    
  2.961152     -4.010811    
  2.961178     -4.010408    
  2.963811     -4.014469    
  2.963837     -3.967896    
  2.965349     -3.848869    
  2.965375     -3.959135    
  2.965604     -4.024227    
  2.965631     -3.989988    
  2.969258     -3.940270    
  2.969284     -4.038648    
  2.969806     -4.198992    
  2.969832     -3.966124    
  2.973371     -3.861605    
  2.973397     -3.920442    
  2.975759     -3.854166    
  2.975785     -3.881009    
  2.976196     -3.935722    
  2.976222     -3.943498    
  2.978818     -3.879242    
  2.981393     -3.891751    
  2.981419     -3.939564    
  2.981911     -4.004057    
  2.981937     -4.016253    
  2.982453     -3.941759    
  2.982479     -3.919322    
  2.982902     -3.856585    
  2.982928     -3.880650    
  2.985851     -3.927756    
  2.988755     -3.898854    
  2.991639     -3.953554    
  2.994504     -3.922415    
  2.997351     -3.937696    
  3.000178     -3.976183    
  3.002988     -3.965613    
  3.005779     -3.954677    
  3.005806     -3.958266    
  3.006660     -3.948077    
  3.006686     -3.959776    
  3.007985     -3.966751    
  3.008011     -3.962843    
  3.008377     -3.972009    
  3.008403     -3.973416    
  3.008422     -3.974032    
  3.008449     -3.970356    
  3.012132     -3.935109    
  3.015785     -4.532249    
  3.019407     -3.804054    
  3.022999     -4.005883    
  3.023025     -3.973005    
  3.024692     -3.985510    
  3.024718     -3.993939    
  3.027002     -3.991970    
  3.027028     -3.988324    
  3.028469     -4.000568    
  3.028496     -4.008757    
  3.028525     -4.009879    
  3.028551     -4.013585    
  3.030734     -3.993567    
  3.032906     -4.036100    
  3.032932     -4.008612    
  3.037051     -4.019920    
  3.041131     -4.053507    
  3.041157     -4.030740    
  3.041192     -4.032089    
  3.041218     -4.036006    
  3.041743     -4.035056    
  3.041769     -4.026439    
  3.044049     -4.045629    
  3.044075     -4.036111    
  3.046448     -4.041898    
  3.046474     -4.040688    
  3.047296     -4.045175    
  3.047322     -4.065395    
  3.051393     -4.053640    
  3.051419     -4.037843    
  3.053164     -4.130657    
  3.053190     -4.051211    
  3.056650     -4.121688    
  3.056676     -4.145505    
  3.057784     -4.048936    
  3.057810     -4.068186    
  3.060993     -4.084573    
  3.064153     -4.094666    
  3.064179     -4.092536    
  3.067832     -4.100398    
  3.067858     -4.101638    
  3.071967     -4.121850    
  3.071993     -4.146443    
  3.074546     -4.106120    
  3.074572     -4.134885    
  3.077401     -4.124297    
  3.080211     -4.128969    
  3.083004     -4.142627    
  3.085779     -4.157111    
  3.085805     -4.151124    
  3.088194     -4.164166    
  3.088220     -4.227497    
  3.091880     -4.145838    
  3.091906     -4.171120    
  3.092972     -4.164803    
  3.092998     -4.165533    
  3.093275     -4.167749    
  3.093301     -4.899705    
  3.095382     -5.047944    
  3.095408     -4.727716    
  3.096210     -4.424338    
  3.096236     -4.393263    
  3.099421     -3.906078    
  3.099447     -3.997460    
  3.099999     -4.099206    
  3.100025     -4.054305    
  3.103059     -4.194025    
  3.106072     -4.216045    
  3.109064     -4.226611    
  3.112036     -4.231459    
  3.112062     -4.233284    
  3.114717     -4.238241    
  3.114743     -4.229929    
  3.114932     -4.228434    
  3.114958     -4.225834    
  3.115849     -4.237246    
  3.115875     -4.238246    
  3.116210     -4.242830    
  3.116236     -4.242847    
  3.116288     -4.243210    
  3.116314     -4.242252    
  3.117008     -4.248608    
  3.117034     -4.255180    
  3.117770     -4.252332    
  3.117796     -4.244930    
  3.118254     -4.237497    
  3.118280     -4.239017    
  3.118920     -4.250695    
  3.118946     -4.246204    
  3.121806     -4.258720    
  3.124647     -4.270986    
  3.124673     -4.283697    
  3.126028     -4.293063    
  3.126054     -4.278790    
  3.127717     -4.267914    
  3.127743     -4.292555    
  3.129255     -4.285409    
  3.129281     -4.257570    
  3.132761     -4.313574    
  3.136213     -4.306159    
  3.136239     -4.206078    
  3.139077     -4.904256    
  3.139103     -5.332031    
  3.141139     -4.333798    
  3.141166     -4.233229    
  3.143607     -4.192133    
  3.143633     -4.232810    
  3.144132     -4.263742    
  3.144158     -4.259269    
  3.146789     -4.361575    
  3.146815     -4.370084    
  3.146918     -4.368214    
  3.146944     -4.365854    
  3.147826     -4.311846    
  3.147852     -4.312045    
  3.148759     -4.374908    
  3.148785     -4.377087    
  3.149778     -4.421270    
  3.149804     -4.370012    
  3.151307     -4.341050    
  3.151333     -4.361214    
  3.152574     -4.363749    
  3.152600     -4.394221    
  3.153099     -4.416712    
  3.153125     -4.410027    
  3.153411     -4.405553    
  3.153437     -4.405933    
  3.153464     -4.405913    
  3.153490     -4.399318    
  3.155047     -4.334277    
  3.155073     -4.376853    
  3.156105     -4.381102    
  3.156131     -4.380578    
  3.159449     -4.358196    
  3.159475     -4.392612    
  3.159789     -4.410033    
  3.159815     -4.370597    
  3.164039     -4.398447    
  3.164065     -4.368101    
  3.164664     -4.392253    
  3.164690     -4.416641    
  3.166009     -4.403585    
  3.166035     -4.375826    
  3.168014     -4.431659    
  3.168040     -4.406813    
  3.171700     -4.423684    
  3.171726     -4.423818    
  3.173608     -4.411791    
  3.173634     -4.410369    
  3.174198     -4.411459    
  3.174224     -4.416674    
  3.178220     -4.421187    
  3.178246     -4.414248    
  3.179496     -4.429479    
  3.179523     -4.430078    
  3.180493     -4.427791    
  3.180519     -4.464084    
  3.181705     -4.467727    
  3.181731     -4.435921    
  3.181840     -4.428457    
  3.181866     -4.427142    
  3.181990     -4.424510    
  3.182017     -4.426714    
  3.184999     -4.438309    
  3.185025     -4.439303    
  3.186118     -4.447618    
  3.186144     -4.445471    
  3.187507     -4.442127    
  3.187524     -4.444756    
  3.187550     -4.445694    
  3.188369     -4.449841    
  3.188395     -4.447117    
  3.189386     -4.464174    
  3.189412     -4.358256    
  3.189917     -5.353774    
  3.189943     -5.948146    
  3.190993     -5.531615    
  3.191019     -5.330428    
  3.191149     -5.018470    
  3.191176     -4.911338    
  3.192254     -4.426951    
  3.192280     -4.395336    
  3.194916     -4.539690    
  3.194942     -4.459173    
  3.196947     -4.284600    
  3.196973     -4.367773    
  3.199833     -4.463843    
  3.199859     -4.454244    
  3.202175     -4.481097    
  3.202201     -4.479301    
  3.203193     -4.488768    
  3.203219     -4.487637    
  3.204704     -4.507594    
  3.204730     -4.499471    
  3.207396     -4.505194    
  3.207422     -4.508237    
  3.209165     -4.512177    
  3.209192     -4.511095    
  3.209905     -4.514893    
  3.209931     -4.514715    
  3.211746     -4.520483    
  3.211772     -4.522671    
  3.213910     -4.529704    
  3.213936     -4.536693    
  3.217562     -4.532307    
  3.217588     -4.533096    
  3.217734     -4.533129    
  3.217760     -4.533074    
  3.218195     -4.532858    
  3.218221     -4.533088    
  3.218359     -4.533938    
  3.218385     -4.570735    
  3.221432     -4.537770    
  3.224458     -4.560695    
  3.224484     -4.559306    
  3.226728     -4.561844    
  3.228960     -4.573138    
  3.231181     -4.577566    
  3.233391     -4.582598    
  3.233417     -4.585321    
  3.235869     -4.596599    
  3.238307     -4.612709    
  3.240731     -4.635011    
  3.243142     -4.621262    
  3.243168     -4.618806    
  3.246203     -4.628931    
  3.249217     -4.637294    
  3.249243     -4.641301    
  3.251269     -4.649980    
  3.251295     -4.641850    
  3.251554     -4.643764    
  3.251580     -4.643982    
  3.254930     -4.655567    
  3.258254     -4.672936    
  3.258280     -4.666555    
  3.261671     -4.677815    
  3.261697     -4.675358    
  3.263492     -4.681549    
  3.263518     -4.683022    
  3.267500     -4.697743    
  3.271446     -4.708487    
  3.271472     -4.708325    
  3.273283     -4.715176    
  3.273309     -4.717580    
  3.276784     -4.735291    
  3.276810     -4.726372    
  3.279737     -4.737233    
  3.279763     -4.736744    
  3.279904     -4.737375    
  3.279930     -4.732730    
  3.281693     -4.758299    
  3.281719     -4.771031    
  3.283569     -4.738335    
  3.283595     -4.750408    
  3.285864     -4.756534    
  3.285890     -4.756638    
  3.288494     -4.766172    
  3.288521     -4.766025    
  3.289058     -4.767581    
  3.289085     -4.767659    
  3.291445     -4.781052    
  3.291471     -4.776093    
  3.292687     -4.779545    
  3.292713     -4.779609    
  3.294701     -4.785785    
  3.294727     -4.785429    
  3.295769     -4.790839    
  3.295795     -4.791021    
  3.295928     -4.791476    
  3.295954     -4.791557    
  3.296323     -4.792408    
  3.296349     -4.792412    
  3.296793     -4.793642    
  3.296819     -4.793822    
  3.299472     -4.801800    
  3.299498     -4.801764    
  3.301162     -4.807932    
  3.301188     -4.807576    
  3.302957     -4.813572    
  3.302983     -4.813936    
  3.305105     -4.820404    
  3.305131     -4.820999    
  3.306016     -4.823938    
  3.306042     -4.823727    
  3.306917     -4.826914    
  3.306943     -4.827357    
  3.309394     -4.836002    
  3.309420     -4.835259    
  3.309880     -4.836840    
  3.309906     -4.836955    
  3.310654     -4.840033    
  3.310680     -4.840167    
  3.311009     -4.840842    
  3.311035     -4.840804    
  3.311357     -4.841632    
  3.311383     -4.841850    
  3.311855     -4.843553    
  3.311881     -4.843485    
  3.312043     -4.843884    
  3.312069     -4.846174    
  3.315866     -4.853862    
  3.319630     -4.856639    
  3.319656     -4.870305    
  3.322697     -4.878246    
  3.325716     -4.886182    
  3.328715     -4.897105    
  3.331694     -4.893213    
  3.334652     -4.916661    
  3.337590     -4.922576    
  3.340508     -4.937291    
  3.343407     -4.947335    
  3.343433     -4.949076    
  3.347340     -4.952086    
  3.351212     -4.973884    
  3.351238     -4.963964    
  3.351711     -4.965620    
  3.351737     -4.967256    
  3.354728     -4.972812    
  3.357698     -4.999721    
  3.360649     -4.997294    
  3.363579     -5.008273    
  3.363605     -5.003861    
  3.365511     -5.028620    
  3.365537     -5.027853    
  3.367465     -5.029039    
  3.367491     -5.050819    
  3.367518     -5.059315    
  3.368345     -5.018376    
  3.368371     -5.018855    
  3.369799     -5.030130    
  3.369825     -5.029682    
  3.371854     -5.036160    
  3.371880     -5.036713    
  3.373656     -5.042117    
  3.373682     -5.042314    
  3.377642     -5.055685    
  3.377668     -5.056056    
  3.379189     -5.060825    
  3.379215     -5.054828    
  3.382117     -5.085966    
  3.382143     -5.083726    
  3.385913     -5.077945    
  3.385939     -5.084964    
  3.389822     -5.098950    
  3.389848     -5.099323    
  3.391164     -5.117017    
  3.391190     -5.103557    
  3.395069     -5.116880    
  3.395095     -5.116655    
  3.397989     -5.127067    
  3.398015     -5.127167    
  3.398446     -5.128423    
  3.398472     -5.128658    
  3.400885     -5.136176    
  3.400911     -5.135790    
  3.402458     -5.142531    
  3.402485     -5.140336    
  3.403625     -5.171688    
  3.403651     -5.167298    
  3.404157     -5.162919    
  3.404183     -5.173049    
  3.406906     -5.155116    
  3.409611     -5.166624    
  3.412300     -5.177750    
  3.414973     -5.185485    
  3.414999     -5.185461    
  3.419305     -5.201017    
  3.419331     -5.201997    
  3.422393     -5.213848    
  3.425434     -5.222700    
  3.428454     -5.233503    
  3.431452     -5.244286    
  3.431479     -5.243976    
  3.434953     -5.257562    
  3.434979     -5.257458    
  3.438935     -5.273660    
  3.442855     -5.294979    
  3.442881     -5.283302    
  3.444964     -5.291861    
  3.444990     -5.291741    
  3.447490     -5.301909    
  3.449964     -5.312052    
  3.449990     -5.312155    
  3.452474     -5.320948    
  3.454944     -5.328108    
  3.454970     -5.333128    
  3.457932     -5.337834    
  3.460873     -5.350525    
  3.463795     -5.361988    
  3.466698     -5.369254    
  3.466724     -5.370458    
  3.467614     -5.373553    
  3.467640     -5.373722    
  3.468776     -5.376430    
  3.468802     -5.376304    
  3.469484     -5.382383    
  3.469510     -5.383451    
  3.469535     -5.383894    
  3.469561     -5.384357    
  3.469873     -5.390626    
  3.469899     -5.391519    
  3.470209     -5.392476    
  3.470235     -5.388712    
  3.471210     -5.383331    
  3.471236     -5.386033    
  3.472958     -5.393013    
  3.472984     -5.392717    
  3.474130     -5.397234    
  3.474156     -5.396999    
  3.477552     -5.410700    
  3.480921     -5.422170    
  3.480947     -5.422940    
  3.483093     -5.429267    
  3.483119     -5.430123    
  3.485987     -5.440611    
  3.486013     -5.440476    
  3.486615     -5.442698    
  3.486641     -5.445184    
  3.490491     -5.468267    
  3.494307     -5.463561    
  3.494333     -5.471101    
  3.498611     -5.485839    
  3.502847     -5.502622    
  3.502873     -5.501755    
  3.503909     -5.505665    
  3.503935     -5.505869    
  3.504049     -5.506488    
  3.504075     -5.507500    
  3.505750     -5.511307    
  3.505776     -5.512120    
  3.505983     -5.512967    
  3.506009     -5.513318    
  3.506922     -5.517704    
  3.506948     -5.517355    
  3.507287     -5.518367    
  3.507313     -5.517104    
  3.511219     -5.551008    
  3.511245     -5.528051    
  3.513248     -5.542768    
  3.513274     -5.541236    
  3.515834     -5.550320    
  3.515860     -5.550251    
  3.515893     -5.550409    
  3.518219     -5.557383    
  3.520533     -5.567290    
  3.522835     -5.576407    
  3.525125     -5.583872    
  3.527403     -5.591596    
  3.529669     -5.602671    
  3.531923     -5.608509    
  3.534166     -5.617808    
  3.534192     -5.633118    
  3.535341     -5.628670    
  3.535367     -5.617178    
  3.539376     -5.634601    
  3.539403     -5.636095    
  3.541647     -5.645407    
  3.543879     -5.653765    
  3.543905     -5.653946    
  3.544530     -5.656433    
  3.544556     -5.656280    
  3.545185     -5.659605    
  3.545211     -5.660107    
  3.545491     -5.662723    
  3.545517     -5.663809    
  3.548458     -5.669024    
  3.548484     -5.670111    
  3.550178     -5.676931    
  3.550205     -5.677397    
  3.552184     -5.684490    
  3.552210     -5.685055    
  3.553416     -5.688935    
  3.553442     -5.689200    
  3.553493     -5.689417    
  3.553519     -5.689173    
  3.555658     -5.697988    
  3.555684     -5.698225    
  3.556758     -5.704756    
  3.556785     -5.702859    
  3.557726     -5.704794    
  3.557752     -5.705258    
  3.558877     -5.709233    
  3.558903     -5.709685    
  3.559141     -5.710692    
  3.559167     -5.710775    
  3.559322     -5.711267    
  3.559348     -5.711052    
  3.560882     -5.717574    
  3.560908     -5.717637    
  3.561003     -5.717958    
  3.561024     -5.718019    
  3.561050     -5.718096    
  3.561076     -5.718172    
  3.561161     -5.718409    
  3.561188     -5.718470    
  3.561399     -5.719105    
  3.561425     -5.719201    
  3.561492     -5.719430    
  3.561518     -5.719517    
  3.561733     -5.720285    
  3.561759     -5.720385    
  3.561929     -5.721050    
  3.561955     -5.721160    
  3.562293     -5.722849    
  3.565712     -5.734329    
  3.565738     -5.721107    
  3.568684     -5.697825    
  3.568710     -5.710993    
  3.572276     -5.747772    
  3.572302     -5.740149    
  3.575184     -5.745138    
  3.578046     -5.756758    
  3.580890     -5.767863    
  3.583716     -5.759298    
  3.583742     -5.792565    
  3.586195     -5.762968    
  3.588634     -5.800980    
  3.591060     -5.791953    
  3.593472     -5.812028    
  3.595871     -5.802992    
  3.598257     -5.823633    
  3.600630     -5.820325    
  3.602990     -5.840163    
  3.603016     -5.866981    
  3.606561     -5.837420    
  3.610077     -5.871775    
  3.610103     -5.858686    
  3.614107     -5.866148    
  3.618075     -5.930022    
  3.618101     -5.884927    
  3.619098     -5.884574    
  3.619124     -5.891652    
  3.620549     -5.899080    
  3.620575     -5.898219    
  3.621884     -5.902628    
  3.621910     -5.902692    
  3.623350     -5.908512    
  3.623376     -5.908222    
  3.625657     -5.914375    
  3.627926     -5.938961    
  3.627952     -5.935099    
  3.630143     -5.928064    
  3.630428     -5.933995    
  3.632323     -5.940370    
  3.632349     -5.941263    
  3.634351     -5.949921    
  3.634377     -5.949569    
  3.637591     -5.960405    
  3.637617     -5.960594    
  3.640932     -5.990497    
  3.644221     -5.981262    
  3.644248     -5.987281    
  3.646952     -5.995861    
  3.649641     -6.005786    
  3.652313     -6.015399    
  3.654968     -6.026434    
  3.654994     -6.026268    
  3.656771     -6.032839    
  3.656798     -6.033916    
  3.659416     -6.041654    
  3.659442     -6.045730    
  3.663645     -6.062740    
  3.663672     -6.058631    
  3.666918     -6.070737    
  3.670140     -6.082382    
  3.670166     -6.082791    
  3.673528     -6.093916    
  3.673554     -6.088281    
  3.676435     -6.105742    
  3.679298     -6.118666    
  3.682141     -6.127458    
  3.684966     -6.137501    
  3.684992     -6.138796    
  3.685363     -6.140445    
  3.685390     -6.140289    
  3.685421     -6.138886    
  3.687761     -6.145080    
  3.687787     -6.145426    
  3.688738     -6.149412    
  3.688764     -6.149768    
  3.688892     -6.150373    
  3.688918     -6.146984    
  3.690761     -6.166492    
  3.690787     -6.182438    
  3.691489     -6.256809    
  3.691515     -6.175615    
  3.694842     -6.162941    
  3.694868     -6.171478    
  3.695395     -6.173610    
  3.695421     -6.174302    
  3.695548     -6.175418    
  3.695574     -6.176962    
  3.699531     -6.193329    
  3.703451     -6.207878    
  3.707337     -6.222405    
  3.711188     -6.236140    
  3.711214     -6.236824    
  3.712650     -6.242285    
  3.713266     -6.244720    
  3.713292     -6.244687    
  3.715965     -6.254167    
  3.718622     -6.265260    
  3.718648     -6.265340    
  3.719507     -6.268170    
  3.719533     -6.268681    
  3.719809     -6.270289    
  3.719835     -6.270375    
  3.720772     -6.273319    
  3.720798     -6.273317    
  3.721949     -6.277941    
  3.721976     -6.277745    
  3.726014     -6.292538    
  3.726040     -6.292379    
  3.729224     -6.305101    
  3.729250     -6.304907    
  3.730799     -6.310811    
  3.730825     -6.311101    
  3.733074     -6.319854    
  3.733100     -6.319791    
  3.736642     -6.339588    
  3.740157     -6.345806    
  3.740183     -6.348274    
  3.740658     -6.348562    
  3.740684     -6.348992    
  3.742813     -6.357216    
  3.742839     -6.357546    
  3.743010     -6.358139    
  3.743036     -6.358117    
  3.745487     -6.367103    
  3.747926     -6.376940    
  3.747952     -6.377354    
  3.748402     -6.378746    
  3.748428     -6.378594    
  3.750148     -6.384465    
  3.750174     -6.384363    
  3.751807     -6.390518    
  3.751825     -6.390170    
  3.751851     -6.389473    
  3.752945     -6.395313    
  3.752971     -6.395467    
  3.753218     -6.396175    
  3.753244     -6.396155    
  3.753912     -6.398354    
  3.753938     -6.398352    
  3.754688     -6.401229    
  3.754715     -6.401648    
  3.755025     -6.403325    
  3.755051     -6.403469    
  3.755248     -6.404457    
  3.755274     -6.404581    
  3.755553     -6.405650    
  3.755579     -6.405681    
  3.758844     -6.417630    
  3.758870     -6.417701    
  3.762813     -6.431042    
  3.766720     -6.441651    
  3.770592     -6.458207    
  3.774430     -6.479013    
  3.774456     -6.474736    
  3.777991     -6.491744    
  3.778017     -6.491348    
  3.778151     -6.490058    
  3.781504     -6.504811    
  3.781530     -6.502491    
  3.785355     -6.518717    
  3.789147     -6.532512    
  3.792906     -6.547344    
  3.796633     -6.562182    
  3.796659     -6.558129    
  3.799528     -6.573723    
  3.802378     -6.581977    
  3.802405     -6.583062    
  3.802753     -6.584668    
  3.802779     -6.584652    
  3.804109     -6.590112    
  3.804136     -6.597336    
  3.805742     -6.594901    
  3.805768     -6.594318    
  3.806039     -6.596054    
  3.806065     -6.595738    
  3.806646     -6.598694    
  3.806672     -6.599520    
  3.807576     -6.602271    
  3.807602     -6.603003    
  3.808354     -6.605809    
  3.808380     -6.605317    
  3.809479     -6.610215    
  3.809505     -6.610366    
  3.809846     -6.611208    
  3.809872     -6.610852    
  3.810525     -6.614243    
  3.810551     -6.615382    
  3.811407     -6.628144    
  3.811433     -6.625798    
  3.811548     -6.624593    
  3.811574     -6.624207    
  3.811599     -6.623858    
  3.811625     -6.621847    
  3.812345     -6.617375    
  3.812371     -6.619504    
  3.814695     -6.629572    
  3.817007     -6.638221    
  3.819307     -6.644858    
  3.821595     -6.678434    
  3.821621     -6.695552    
  3.823807     -6.649037    
  3.825982     -6.671277    
  3.830301     -6.694166    
  3.830327     -6.687948    
  3.834271     -6.703910    
  3.838180     -6.719269    
  3.838207     -6.718857    
  3.840521     -6.726566    
  3.842823     -6.742689    
  3.842849     -6.752565    
  3.843871     -6.738452    
  3.843897     -6.742389    
  3.846695     -6.754158    
  3.849474     -6.763722    
  3.852236     -6.774288    
  3.854980     -6.786231    
  3.857707     -6.793967    
  3.860418     -6.813372    
  3.863111     -6.814331    
  3.865788     -6.827325    
  3.865814     -6.827447    
  3.866065     -6.828412    
  3.866091     -6.828369    
  3.868658     -6.837923    
  3.871210     -6.847858    
  3.871236     -6.848464    
  3.873921     -6.858699    
  3.876589     -6.868966    
  3.879242     -6.878677    
  3.881878     -6.888679    
  3.884498     -6.907182    
  3.887102     -6.908013    
  3.889691     -6.918219    
  3.892265     -6.930307    
  3.892291     -6.929857    
  3.894417     -6.938217    
  3.894443     -6.937653    
  3.895163     -6.941383    
  3.895189     -6.941746    
  3.898690     -6.954334    
  3.898716     -6.954334    
  3.900445     -6.961314    
  3.900462     -6.962094    
  3.900488     -6.962348    
  3.901329     -6.966083    
  3.901356     -6.966285    
  3.902300     -6.969547    
  3.902326     -6.969050    
  3.903658     -6.974056    
  3.903684     -6.974545    
  3.904238     -6.976477    
  3.904264     -6.976699    
  3.905995     -6.983896    
  3.906021     -6.983846    
  3.906888     -6.987255    
  3.906914     -6.987205    
  3.907705     -6.990176    
  3.907731     -6.989998    
  3.908373     -6.992869    
  3.908399     -6.992648    
  3.910755     -7.002887    
  3.913098     -7.010959    
  3.913124     -7.010775    
  3.913216     -7.011161    
  3.913243     -7.011272    
  3.913438     -7.012257    
  3.913465     -7.012436    
  3.913800     -7.014015    
  3.913826     -7.014070    
  3.913915     -7.014375    
  3.913941     -7.014456    
  3.914112     -7.014975    
  3.914138     -7.015131    
  3.916945     -7.026061    
  3.916971     -7.022760    
  3.920612     -7.037009    
  3.924221     -7.045874    
  3.927801     -7.065373    
  3.931352     -7.078844    
  3.931378     -7.077255    
  3.935116     -7.092686    
  3.938821     -7.106113    
  3.938847     -7.113076    
  3.941053     -7.111646    
  3.943248     -7.124261    
  3.945432     -7.132054    
  3.947605     -7.139656    
  3.951918     -7.159884    
  3.956189     -7.169260    
  3.956215     -7.168215    
  3.959412     -7.191312    
  3.962586     -7.194722    
  3.965737     -7.209797    
  3.968865     -7.221016    
  3.968891     -7.232772    
  3.972582     -7.232594    
  3.976241     -7.254446    
  3.979870     -7.263517    
  3.983469     -7.277928    
  3.983495     -7.293100    
  3.985959     -7.285543    
  3.988409     -7.296682    
  3.990846     -7.306815    
  3.993269     -7.315095    
  3.993295     -7.319446    
  3.997502     -7.330473    
  4.001668     -7.348008    
  4.005795     -7.367095    
  4.009884     -7.384306    
  4.013934     -7.393407    
  4.017946     -7.411318    
  4.021922     -7.429869    
  4.025862     -7.442064    
  4.025888     -7.443312    
  4.028135     -7.451947    
  4.030369     -7.460880    
  4.032592     -7.470148    
  4.034804     -7.478800    
  4.034830     -7.479522    
  4.038396     -7.492891    
  4.038422     -7.493144    
  4.039117     -7.495443    
  4.039143     -7.495406    
  4.042356     -7.506993    
  4.042382     -7.519177    
  4.044890     -7.517233    
  4.047383     -7.529095    
  4.047409     -7.527923    
  4.047809     -7.529163    
  4.047835     -7.529280    
  4.047865     -7.529872    
  4.051139     -7.542399    
  4.054389     -7.555610    
  4.057614     -7.567545    
  4.060816     -7.579791    
  4.063994     -7.593031    
  4.067150     -7.602728    
  4.070282     -7.621137    
  4.073392     -7.627281    
  4.073418     -7.627699    
  4.076164     -7.640867    
  4.078892     -7.649124    
  4.081603     -7.661384    
  4.084297     -7.672462    
  4.084323     -7.673759    
  4.087228     -7.684268    
  4.090114     -7.695564    
  4.092980     -7.705988    
  4.095828     -7.716161    
  4.098657     -7.728597    
  4.101468     -7.739354    
  4.104261     -7.752067    
  4.107036     -7.761655    
  4.109793     -7.770851    
  4.112533     -7.787393    
  4.115256     -7.794106    
  4.117962     -7.804656    
  4.120651     -7.814779    
  4.123323     -7.827099    
  4.125979     -7.835185    
  4.128620     -7.845515    
  4.128646     -7.845541    
  4.131400     -7.857136    
  4.134137     -7.868131    
  4.136856     -7.876873    
  4.139559     -7.888459    
  4.142245     -7.898623    
  4.144915     -7.912573    
  4.147568     -7.922044    
  4.150205     -7.932072    
  4.150231     -7.932321    
  4.153104     -7.942440    
  4.155957     -7.954857    
  4.155983     -7.954806    
  4.156244     -7.955862    
  4.156270     -7.955351    
  4.158947     -7.968097    
  4.158973     -7.967996    
  4.161758     -7.976432    
  4.161784     -7.976994    
  4.163410     -7.983826    
  4.163436     -7.983653    
  4.163793     -7.984630    
  4.163819     -7.984882    
  4.163989     -7.985794    
  4.164015     -7.986293    
  4.168129     -8.000990    
  4.172204     -8.018034    
  4.176241     -8.032858    
  4.180241     -8.048068    
  4.184204     -8.064944    
  4.188131     -8.080776    
  4.192024     -8.094565    
  4.195882     -8.109626    
  4.195908     -8.111063    
  4.199596     -8.125552    
  4.203253     -8.137833    
  4.206879     -8.154424    
  4.210475     -8.168931    
  4.214042     -8.181511    
  4.217580     -8.195997    
  4.221089     -8.209053    
  4.224570     -8.222475    
  4.228024     -8.237218    
  4.231450     -8.250885    
  4.234849     -8.263822    
  4.238222     -8.276749    
  4.241569     -8.288768    
  4.244890     -8.303596    
  4.248187     -8.316457    
  4.251458     -8.328249    
  4.251484     -8.328814    
  4.255470     -8.344104    
  4.259419     -8.360839    
  4.259445     -8.360412    
  4.261746     -8.369050    
  4.261772     -8.369751    
  4.265747     -8.383804    
  4.265773     -8.383786    
  4.266098     -8.386206    
  4.266124     -8.386451    
  4.269803     -8.402077    
  4.273452     -8.404163    
  4.277070     -8.402135    
  4.280658     -8.438429    
  4.284217     -8.455814    
  4.287747     -8.472966    
  4.291249     -8.484513    
  4.294722     -8.496619    
  4.294748     -8.497414    
  4.297714     -8.511371    
  4.300661     -8.522108    
  4.303587     -8.533610    
  4.306494     -8.544861    
  4.309381     -8.556934    
  4.312250     -8.567840    
  4.315099     -8.578563    
  4.317931     -8.590343    
  4.320743     -8.601153    
  4.323538     -8.613475    
  4.326314     -8.623485    
  4.329073     -8.634037    
  4.331815     -8.644125    
  4.334540     -8.655187    
  4.337247     -8.665926    
  4.339938     -8.672185    
  4.339964     -8.672431    
  4.343714     -8.688529    
  4.347431     -8.706468    
  4.347457     -8.705944    
  4.350370     -8.716845    
  4.353264     -8.727939    
  4.353290     -8.728046    
  4.353671     -8.729617    
  4.353698     -8.729571    
  4.356104     -8.737389    
  4.356130     -8.737559    
  4.357295     -8.741669    
  4.357321     -8.741827    
  4.357613     -8.743067    
  4.357639     -8.743224    
  4.357809     -8.744053    
  4.357835     -8.744420    
  4.360667     -8.756678    
  4.363481     -8.767205    
  4.366277     -8.777507    
  4.369055     -8.790269    
  4.371816     -8.800504    
  4.374559     -8.810140    
  4.377285     -8.820963    
  4.379993     -8.832493    
  4.382685     -8.843150    
  4.385361     -8.854304    
  4.388020     -8.864292    
  4.390662     -8.874512    
  4.393289     -8.885263    
  4.395900     -8.894487    
  4.398496     -8.905311    
  4.401076     -8.914566    
  4.403640     -8.925204    
  4.406190     -8.935126    
  4.408725     -8.945899    
  4.411245     -8.956007    
  4.413751     -8.964386    
  4.416242     -8.974927    
  4.418719     -8.984930    
  4.421182     -8.994350    
  4.423631     -8.987297    
  4.426066     -9.014137    
  4.428488     -9.021904    
  4.430896     -9.031917    
  4.433291     -9.038921    
  4.435673     -9.050368    
  4.438042     -9.058099    
  4.440398     -9.068479    
  4.440424     -9.068002    
  4.442884     -9.077290    
  4.445331     -9.085717    
  4.447764     -9.097880    
  4.450183     -9.107691    
  4.452589     -9.116602    
  4.454981     -9.112984    
  4.457361     -9.135381    
  4.459727     -9.144100    
  4.462081     -9.154081    
  4.464422     -9.161224    
  4.466750     -9.172054    
  4.469066     -9.180609    
  4.471370     -9.189542    
  4.473662     -9.198139    
  4.475941     -9.209061    
  4.478209     -9.214374    
  4.512967     -9.348744    
  4.512994     -9.352837    
  4.514640     -9.358325    
  4.514666     -9.358977    
  4.515975     -9.364726    
  4.516001     -9.365096    
  4.516171     -9.365999    
  4.516198     -9.366626    
  4.585499     -9.636392    
  4.585525     -9.632341    
  4.648519     -9.878841    
  4.648545     -9.879834    
  4.649578     -9.884273    
  4.649604     -9.884302    
  4.649869     -9.885466    
  4.649895     -9.885538    
  4.650065     -9.885925    
  4.650091     -9.884913    
  4.709795     -10.11361    
  4.709821     -10.12018    
  4.765784     -10.33559    
  4.765810     -10.33469    
  4.765853     -10.33481    
  4.765875     -10.33486    
  4.765901     -10.33493    
  4.766049     -10.33536    
  4.766075     -10.33621    
  4.818511     -10.54241    
  4.818536     -10.54027    
  4.868125     -10.71550    
  4.868151     -10.73179    
  4.868182     -10.73196    
  4.868208     -10.73210    
  4.868354     -10.73281    
  4.868380     -10.71769    
  4.915120     -10.91637    
  4.915146     -10.91243    
  4.959480     -11.07925    
  4.959506     -11.08022    
  4.959673     -11.08107    
  4.959697     -11.08111    
  4.959723     -11.08161    
  4.959869     -11.08264    
  4.959895     -11.09049    
  5.002051     -11.21198    
  5.002077     -11.23508    
  5.042016     -11.39608    
  5.042042     -11.39425    
  5.042458     -11.39675    
  5.042484     -11.39707    
  5.042511     -11.39727    
  5.042654     -11.39811    
  5.042681     -11.39652    
  5.081068     -11.53074    
  5.081094     -11.53081    
  5.117599     -11.65975    
  5.117625     -11.67559    
  5.118035     -11.67745    
  5.118061     -11.67754    
  5.118087     -11.67769    
  5.118232     -11.67483    
  5.118258     -11.65264    
  5.153493     -11.81233    
  5.153519     -11.80226    
  5.187234     -11.92422    
  5.187260     -11.92357    
  5.187559     -11.92456    
  5.187585     -11.92486    
  5.187614     -11.92506    
  5.187756     -11.92662    
  5.187782     -11.93034    
  5.251210     -12.13955    
  5.251236     -12.15250    
  5.251962     -12.15874    
  5.251988     -12.15725    
  5.252125     -12.15624    
  5.252151     -12.14941    
  5.311781     -12.34723    
  5.311807     -12.36536    
  5.311888     -12.36592    
  5.311914     -12.36613    
  5.312051     -12.36701    
  5.312078     -12.36427    
  5.368109     -12.54448    
  5.368135     -12.55224    
  5.420767     -12.72948    
  5.420793     -12.72356    
  5.470414     -12.87072    
  5.470440     -12.87678    
  5.517376     -13.03800    
  5.517402     -13.03398    
  5.561929     -13.16343    
  5.561955     -13.17346    
  5.604308     -13.27079    
  5.604334     -13.29494    
  5.644714     -13.40890    
  5.644741     -13.41734    
  6.106957     -14.62384    
  6.325762     -15.16729    
  6.578994     -15.81351    
  6.853996     -16.54957    
  7.141402     -17.34572    
  7.435456     -18.17683    
  7.732956     -19.04706    
  8.032210     -19.97437    
  8.332349     -21.03357    
  8.632934     -22.49950    
  8.933740    -100.00000    
