 0.3010300    -100.00000    
 0.3377762    -100.00000    
 0.3716543    -100.00000    
 0.4030798    -100.00000    
 0.4323841    -100.00000    
 0.4598353    -100.00000    
 0.4856542    -100.00000    
 0.5100238    -100.00000    
 0.5330983    -100.00000    
 0.5758661    -100.00000    
 0.6147973    -100.00000    
 0.6505239    -100.00000    
 0.6835336     -128.4217    
 0.6836205    -100.00000    
 0.6877806     -126.9816    
 0.6878675    -100.00000    
 0.6915526     -125.6428    
 0.6916395     -126.2986    
 0.6950104     -124.6797    
 0.6950973     -124.9493    
 0.6981461     -123.8804    
 0.6982330    -100.00000    
 0.7261908    -100.00000    
 0.7524571     -111.6627    
 0.7525440     -111.2692    
 0.7562379     -110.6766    
 0.7563249    -100.00000    
 0.7920506     -104.6255    
 0.7921375    -100.00000    
 0.8041548     -102.4052    
 0.8042417    -100.00000    
 0.8175258     -100.1684    
 0.8176127    -100.00000    
 0.8219208     -98.47033    
 0.8220077     -98.00382    
 0.8256567     -97.18498    
 0.8257436     -97.22253    
 0.8287159     -96.65644    
 0.8288028    -100.00000    
 0.8615534    -100.00000    
 0.8920064    -100.00000    
 0.9204633    -100.00000    
 0.9471696     -78.90596    
 0.9472565    -100.00000    
 0.9610380     -76.39059    
 0.9611249    -100.00000    
 0.9737119     -74.68569    
 0.9737988     -74.83846    
 0.9780201     -73.93154    
 0.9781070    -100.00000    
  1.002029    -100.00000    
  1.024702    -100.00000    
  1.066779    -100.00000    
  1.105137    -100.00000    
  1.140380    -100.00000    
  1.172977    -100.00000    
  1.203297    -100.00000    
  1.231638    -100.00000    
  1.258242     -43.10143    
  1.258328    -100.00000    
  1.281053     -39.77802    
  1.281140    -100.00000    
  1.305129     -35.60906    
  1.305216    -100.00000    
  1.326885     -28.74994    
  1.326972    -100.00000    
  1.346664     -26.61211    
  1.346750     -26.43235    
  1.351327     -25.97916    
  1.351414     -20.14665    
  1.390867     -19.47597    
  1.390954    -100.00000    
  1.403133     -17.63274    
  1.403220    -100.00000    
  1.416604    -100.00000    
  1.416691     -19.12889    
  1.442990    -100.00000    
  1.443077    -100.00000    
  1.465932     -17.49644    
  1.466019    -100.00000    
  1.499937     -16.76414    
  1.500023     -16.39378    
  1.524018     -15.63600    
  1.546755     -15.77925    
  1.546842     -13.67073    
  1.576102    -100.00000    
  1.576189    -100.00000    
  1.604747     -21.17334    
  1.604834     -8.660225    
  1.629405    -100.00000    
  1.629492    -100.00000    
  1.644043     -14.81087    
  1.644130     -18.44316    
  1.682575    -100.00000    
  1.717891    -100.00000    
  1.750550    -100.00000    
  1.780924     -16.95644    
  1.781011    -100.00000    
  1.805226    -100.00000    
  1.828161    -100.00000    
  1.870690     -12.85549    
  1.870777     -12.80256    
  1.902667    -100.00000    
  1.902754    -100.00000    
  1.913955     -13.05946    
  1.914042    -100.00000    
  1.926709     -13.77559    
  1.926796     -14.00980    
  1.953068     -14.27938    
  1.953155     -13.86137    
  1.971846     -13.77602    
  1.971933    -100.00000    
  1.992517     -12.91550    
  1.992604     -12.97762    
  1.993799     -12.92843    
  1.993886     -12.92456    
  1.994140     -12.91407    
  1.994227     -12.90723    
  1.996552     -12.83373    
  1.996639     -12.83756    
  1.997939     -12.80237    
  1.998026     -12.76546    
  2.005591     -13.05994    
  2.005678     -12.92891    
  2.007421     -12.85785    
  2.007508     -12.85272    
  2.009188     -12.79120    
  2.009275     -12.81847    
  2.018284     -13.04879    
  2.018371     -13.09753    
  2.036803     -12.39852    
  2.036890     -12.33913    
  2.048114     -12.09395    
  2.048201     -12.09526    
  2.054775     -11.84786    
  2.054862     -11.83726    
  2.054945     -11.83479    
  2.055032     -11.84427    
  2.061043     -11.64440    
  2.061130     -11.85963    
  2.077530     -11.12047    
  2.077617     -11.19248    
  2.095496     -10.65183    
  2.095583     -10.65006    
  2.095978     -10.65897    
  2.096065     -10.67102    
  2.097304     -10.78368    
  2.097391     -10.55781    
  2.101519     -10.40249    
  2.101605     -10.48596    
  2.102584     -10.60157    
  2.102671     -10.58099    
  2.105167     -10.51045    
  2.105254     -10.50968    
  2.105825     -10.49553    
  2.105912     -10.49324    
  2.106101     -10.48846    
  2.106187     -10.50515    
  2.111419     -10.33672    
  2.111506     -10.32688    
  2.111595     -10.32391    
  2.111941     -10.31072    
  2.112028     -10.30616    
  2.113272     -10.25909    
  2.113359     -10.21147    
  2.119223     -10.94951    
  2.119310     -10.65482    
  2.124229     -10.46857    
  2.124316     -10.53620    
  2.137486     -10.23153    
  2.137573     -10.10004    
  2.138137     -10.23444    
  2.138224     -10.17345    
  2.144616     -10.22363    
  2.144703     -10.31659    
  2.148559     -10.02530    
  2.148646     -9.852718    
  2.149371     -9.935514    
  2.149458     -9.958111    
  2.150293     -10.06036    
  2.150380     -10.06041    
  2.150508     -10.06486    
  2.156741     -9.849677    
  2.156827     -9.941372    
  2.158960     -9.870425    
  2.159047     -9.937909    
  2.168055     -9.505546    
  2.168141     -9.622142    
  2.176999     -9.497773    
  2.177086     -9.464847    
  2.177604     -9.438715    
  2.177690     -9.422362    
  2.181731     -9.461597    
  2.181818     -9.462976    
  2.186421     -9.294083    
  2.186508     -9.236544    
  2.188445     -9.268534    
  2.188532     -9.313397    
  2.190396     -9.267748    
  2.190483     -9.272435    
  2.195516     -9.091770    
  2.195603     -9.149869    
  2.199585     -8.993732    
  2.199672     -8.955303    
  2.202362     -8.976013    
  2.202449     -8.916674    
  2.204170     -8.963327    
  2.204257     -8.936730    
  2.204346     -8.926896    
  2.205094     -8.913371    
  2.205181     -8.928864    
  2.209936     -8.859023    
  2.210023     -8.818435    
  2.210268     -8.804666    
  2.210355     -8.865718    
  2.216612     -8.626202    
  2.216699     -8.564551    
  2.217837     -8.582205    
  2.217924     -8.577578    
  2.218030     -8.576760    
  2.218315     -8.576099    
  2.218402     -8.576499    
  2.218688     -8.580266    
  2.218775     -8.582760    
  2.219271     -8.593068    
  2.219358     -8.618515    
  2.224988     -8.548340    
  2.230546     -8.473174    
  2.230633     -8.408571    
  2.232419     -8.392895    
  2.232506     -8.381275    
  2.234695     -8.503349    
  2.234781     -8.359210    
  2.238733     -8.782392    
  2.238820     -8.410399    
  2.239617     -8.101422    
  2.239704     -8.050029    
  2.242430     -8.140160    
  2.242517     -8.117607    
  2.243604     -8.158416    
  2.243691     -8.189790    
  2.244315     -8.239264    
  2.244401     -8.241520    
  2.245345     -8.174487    
  2.245432     -8.189712    
  2.247906     -8.195344    
  2.247993     -8.200992    
  2.248802     -8.207053    
  2.248889     -8.185814    
  2.250721     -8.249637    
  2.250808     -8.363711    
  2.253696     -8.183532    
  2.253782     -8.127704    
  2.257129     -8.015420    
  2.260450     -8.140921    
  2.263745     -8.143849    
  2.267016     -7.932755    
  2.267103     -7.928436    
  2.270490     -7.861883    
  2.270577     -7.859075    
  2.271628     -7.826670    
  2.271715     -7.829764    
  2.271808     -7.828709    
  2.271895     -7.833490    
  2.273734     -7.895569    
  2.273821     -7.864257    
  2.275818     -7.856926    
  2.275905     -8.061094    
  2.278025     -7.620520    
  2.278112     -7.669203    
  2.280242     -7.724730    
  2.280329     -7.707754    
  2.283804     -7.666336    
  2.283891     -7.663695    
  2.285233     -7.731561    
  2.285319     -7.764260    
  2.286288     -7.766179    
  2.286375     -7.767444    
  2.286786     -7.771088    
  2.286873     -7.758649    
  2.288852     -7.891934    
  2.290821     -7.490976    
  2.292782     -7.467113    
  2.294734     -7.392125    
  2.294821     -7.322466    
  2.296405     -7.336883    
  2.297982     -7.326877    
  2.298069     -7.548746    
  2.299479     -7.540557    
  2.299566     -7.413243    
  2.301073     -7.390450    
  2.302574     -7.367297    
  2.302661     -7.363016    
  2.304373     -7.310675    
  2.306078     -7.332200    
  2.306165     -7.309613    
  2.307390     -7.307030    
  2.308611     -7.250846    
  2.308698     -7.257733    
  2.310160     -7.242398    
  2.311618     -7.429997    
  2.313070     -7.233160    
  2.314517     -7.208369    
  2.314604     -7.197790    
  2.314992     -7.182872    
  2.315079     -7.175866    
  2.316338     -7.143709    
  2.317594     -7.168505    
  2.317681     -7.170601    
  2.318442     -7.164918    
  2.318529     -7.161897    
  2.319095     -7.166990    
  2.319182     -7.158593    
  2.320153     -7.235352    
  2.321122     -7.350925    
  2.322090     -7.043763    
  2.323055     -7.069108    
  2.323141     -7.056119    
  2.324207     -7.074496    
  2.324294     -7.092959    
  2.325157     -7.159036    
  2.326019     -7.010704    
  2.326878     -7.016244    
  2.327736     -6.990352    
  2.327823     -6.985254    
  2.328799     -6.994732    
  2.329773     -6.968372    
  2.330745     -6.980627    
  2.331714     -6.949897    
  2.331801     -6.921431    
  2.333101     -6.923904    
  2.333188     -6.919021    
  2.333883     -6.928321    
  2.334577     -7.056501    
  2.334664     -7.088438    
  2.334777     -7.160171    
  2.335565     -6.985082    
  2.336352     -6.892533    
  2.336439     -6.952475    
  2.337594     -6.908465    
  2.338747     -6.845151    
  2.338833     -6.857071    
  2.339406     -6.851293    
  2.339977     -6.844869    
  2.340548     -6.837613    
  2.341118     -6.829007    
  2.341205     -6.827735    
  2.341283     -6.826660    
  2.341370     -6.825515    
  2.341472     -6.824323    
  2.342517     -6.812739    
  2.342604     -6.811425    
  2.343168     -6.803943    
  2.343730     -6.795704    
  2.344292     -6.787167    
  2.344853     -6.778020    
  2.344940     -6.776018    
  2.345929     -6.770790    
  2.346916     -6.764264    
  2.347408     -6.754143    
  2.347900     -6.739509    
  2.348391     -6.726198    
  2.348882     -6.720922    
  2.348969     -6.721332    
  2.349884     -6.710242    
  2.349971     -6.708820    
  2.350040     -6.707920    
  2.350127     -6.706798    
  2.350356     -6.703994    
  2.350443     -6.702248    
  2.351189     -6.697264    
  2.351935     -6.722207    
  2.352679     -6.703777    
  2.353421     -6.653940    
  2.353508     -6.655213    
  2.353983     -6.646616    
  2.354070     -6.645086    
  2.354572     -6.636715    
  2.355074     -6.631749    
  2.355575     -6.625127    
  2.356075     -6.620018    
  2.356162     -6.619477    
  2.356654     -6.612018    
  2.357144     -6.597625    
  2.357197     -6.594916    
  2.357284     -6.591811    
  2.357504     -6.584110    
  2.357582     -6.581486    
  2.357669     -6.578755    
  2.357776     -6.575619    
  2.357863     -6.574657    
  2.360104     -6.533678    
  2.360191     -6.522940    
  2.360658     -6.507961    
  2.360745     -6.532117    
  2.361452     -6.342034    
  2.361539     -6.264590    
  2.368688     -6.190855    
  2.368775     -6.571704    
  2.370531     -5.808076    
  2.370618     -6.057612    
  2.372112     -5.907248    
  2.372199     -6.034019    
  2.373546     -5.789937    
  2.373633     -5.796693    
  2.374238     -6.052353    
  2.374325     -6.056153    
  2.375943     -5.583367    
  2.376030     -5.642550    
  2.376702     -5.624208    
  2.376789     -5.630217    
  2.377839     -5.593572    
  2.377925     -5.543545    
  2.381401     -5.905128    
  2.381488     -5.771113    
  2.381574     -5.740429    
  2.381660     -5.721488    
  2.381989     -5.417449    
  2.382076     -5.126058    
  2.384666     -5.129435    
  2.384753     -5.145133    
  2.387126     -5.386086    
  2.387213     -5.246779    
  2.387306     -4.938392    
  2.397727     -5.290067    
  2.397814     -5.310964    
  2.403706     -4.376432    
  2.403793     -4.807816    
  2.405819     -4.529116    
  2.405905     -4.458038    
  2.406920     -4.521393    
  2.407007     -4.724034    
  2.409345     -4.307449    
  2.409431     -4.281681    
  2.409967     -4.205622    
  2.410054     -4.193517    
  2.411501     -4.366192    
  2.411588     -4.133141    
  2.413098     -4.533398    
  2.413185     -5.065823    
  2.414109     -4.592201    
  2.414195     -4.560055    
  2.414769     -4.592856    
  2.414856     -4.763194    
  2.415923     -4.076613    
  2.416010     -3.953504    
  2.417228     -4.052571    
  2.417315     -4.118549    
  2.417448     -4.147730    
  2.417535     -4.233660    
  2.419904     -4.497699    
  2.419991     -4.286004    
  2.429013     -4.368928    
  2.429100     -4.746517    
  2.429782     -4.536703    
  2.429869     -4.511851    
  2.429998     -4.749945    
  2.433514     -4.214383    
  2.433601     -4.277585    
  2.434762     -4.370550    
  2.434849     -4.282404    
  2.435570     -4.193222    
  2.435657     -4.330858    
  2.438099     -4.106491    
  2.438186     -4.019650    
  2.438744     -4.223143    
  2.438831     -4.401426    
  2.441087     -3.986176    
  2.441174     -4.053378    
  2.441592     -4.067652    
  2.441679     -4.141766    
  2.443115     -3.907477    
  2.443202     -3.794872    
  2.446825     -4.380474    
  2.446912     -4.293155    
  2.448046     -4.676909    
  2.448133     -4.936967    
  2.449372     -4.649548    
  2.449459     -5.316057    
  2.454772     -3.896104    
  2.454858     -3.956654    
  2.455189     -3.932674    
  2.455276     -3.925349    
  2.455685     -3.915562    
  2.455772     -3.920057    
  2.456026     -3.950544    
  2.456113     -3.967213    
  2.457105     -4.671091    
  2.457192     -4.522796    
  2.459329     -4.247711    
  2.459416     -4.299317    
  2.460202     -4.360300    
  2.460288     -4.361230    
  2.460594     -4.358183    
  2.460681     -4.360689    
  2.461170     -4.284368    
  2.461257     -4.252399    
  2.461593     -4.145799    
  2.461680     -4.181099    
  2.465051     -3.951591    
  2.465138     -4.354678    
  2.466286     -5.705960    
  2.466372     -5.044666    
  2.466976     -5.025036    
  2.467064     -5.296117    
  2.469819     -4.850564    
  2.469906     -4.569416    
  2.470839     -4.802085    
  2.470926     -4.929348    
  2.471129     -5.047658    
  2.471216     -5.079023    
  2.471342     -5.109716    
  2.471561     -5.120776    
  2.471648     -5.119017    
  2.471828     -5.129696    
  2.471915     -5.261160    
  2.473908     -5.175543    
  2.473994    -100.00000    
  2.476442     -4.246221    
  2.476529     -4.224040    
  2.476628     -4.255989    
  2.476715     -4.295989    
  2.476977     -4.495131    
  2.477064    -100.00000    
  2.479546     -3.833687    
  2.479633     -3.964296    
  2.483465     -5.302168    
  2.483551     -4.410399    
  2.483824     -4.456486    
  2.483911     -4.458761    
  2.484130     -4.423177    
  2.484217     -4.393720    
  2.484268     -4.376302    
  2.484354     -4.345623    
  2.484441     -4.315482    
  2.484517     -4.291867    
  2.484604     -4.182162    
  2.487037     -4.979862    
  2.487124     -5.525202    
  2.489009     -4.263748    
  2.489096     -4.181154    
  2.490956     -3.913874    
  2.491043     -4.256319    
  2.491399     -4.708896    
  2.491486     -4.701488    
  2.493234     -4.664778    
  2.493321     -4.833952    
  2.493799     -4.693189    
  2.493886     -4.632480    
  2.494448     -4.232288    
  2.494536     -4.067719    
  2.496107     -4.080101    
  2.496194     -4.392406    
  2.497233     -4.496041    
  2.497320     -4.401745    
  2.497678     -4.426049    
  2.497765     -4.445301    
  2.498024     -4.481679    
  2.498111     -4.488604    
  2.498423     -4.502654    
  2.498510     -4.517145    
  2.499274     -4.575869    
  2.499360     -4.277461    
  2.501903     -4.112532    
  2.501990     -4.176612    
  2.503920     -4.605355    
  2.504007     -4.359678    
  2.504069     -4.347620    
  2.504156     -4.344998    
  2.506191     -3.975481    
  2.506278     -3.941535    
  2.506857     -3.927425    
  2.506943     -3.953966    
  2.507046     -3.975221    
  2.507133     -3.996649    
  2.507203     -4.015386    
  2.507290     -4.197028    
  2.508906     -3.819950    
  2.508970     -3.759671    
  2.509057     -3.718170    
  2.509821     -3.725748    
  2.509908     -3.778055    
  2.510022     -3.819342    
  2.510109     -3.857292    
  2.510346     -3.979958    
  2.510433     -4.168588    
  2.511756     -3.966269    
  2.511843     -3.912614    
  2.512347     -3.837606    
  2.512434     -3.944869    
  2.514176     -3.793803    
  2.514263     -3.607342    
  2.515486     -3.561789    
  2.515573     -3.595690    
  2.515719     -3.614165    
  2.515805     -3.628482    
  2.515872     -3.641014    
  2.515959     -3.662750    
  2.516706     -3.896446    
  2.516793     -3.890143    
  2.516943     -3.891225    
  2.517030     -3.874810    
  2.517941     -3.719838    
  2.518028     -3.743997    
  2.518445     -3.744600    
  2.518532     -3.735130    
  2.519341     -3.557370    
  2.519428     -3.645774    
  2.523428     -3.762947    
  2.523515     -3.983489    
  2.526015     -3.699579    
  2.528500     -3.852172    
  2.528587     -4.132285    
  2.532615     -3.848664    
  2.532701     -3.877572    
  2.533833     -3.745163    
  2.533920     -3.620973    
  2.536637     -3.665854    
  2.539337     -3.679883    
  2.539424     -3.693160    
  2.542470     -3.916816    
  2.542557     -3.870987    
  2.544686     -3.913147    
  2.544773     -3.990194    
  2.546808     -3.784135    
  2.546895     -3.759362    
  2.547329     -3.726411    
  2.547416     -3.720882    
  2.547523     -3.691016    
  2.551118     -3.692582    
  2.551204     -3.720235    
  2.551758     -3.766688    
  2.551845     -3.877405    
  2.555494     -3.890021    
  2.555581     -3.694142    
  2.558382     -3.659831    
  2.558469     -3.643302    
  2.558869     -3.664999    
  2.558956     -3.676992    
  2.562334     -3.783634    
  2.562421     -3.954577    
  2.562678     -3.983381    
  2.562765     -3.985501    
  2.565530     -3.843503    
  2.568277     -4.068937    
  2.568364     -3.796647    
  2.568456     -3.790043    
  2.568710     -3.823087    
  2.568797     -4.014230    
  2.571315     -3.632427    
  2.571402     -3.652461    
  2.571490     -3.651729    
  2.571576     -3.616074    
  2.573817     -3.738251    
  2.576046     -3.625545    
  2.576133     -3.961010    
  2.579478     -3.835068    
  2.582797     -3.839399    
  2.582884     -3.853303    
  2.584935     -4.032063    
  2.585022     -4.268370    
  2.586210     -4.016283    
  2.586297     -3.905835    
  2.587630     -3.816122    
  2.587717     -3.851388    
  2.588253     -4.015176    
  2.588340     -4.175106    
  2.589414     -4.798121    
  2.589501     -4.466257    
  2.590598     -4.373602    
  2.590685     -4.728840    
  2.594997     -4.061840    
  2.595084     -3.877899    
  2.596260     -4.135275    
  2.596347     -4.007386    
  2.599412     -4.389771    
  2.599499     -4.276033    
  2.600919     -4.128909    
  2.601006     -4.219066    
  2.604635     -3.675945    
  2.604722     -3.719182    
  2.606239     -3.944703    
  2.606326     -4.055227    
  2.607057     -4.144181    
  2.607144     -4.126044    
  2.607237     -4.121706    
  2.607324     -4.114967    
  2.607391     -4.108045    
  2.607478     -4.097024    
  2.607553     -4.085955    
  2.607640     -4.071548    
  2.607709     -4.059155    
  2.607796     -4.056527    
  2.608791     -3.829070    
  2.608878     -3.723140    
  2.612274     -3.776389    
  2.612361     -3.847310    
  2.614332     -3.866046    
  2.614419     -3.817509    
  2.617047     -3.772215    
  2.619659     -3.645218    
  2.619746     -3.607924    
  2.620779     -3.591005    
  2.620859     -3.583467    
  2.620946     -3.564573    
  2.621962     -3.631328    
  2.622049     -3.719781    
  2.625471     -4.195982    
  2.625557     -4.037354    
  2.626297     -3.995775    
  2.626384     -3.967425    
  2.627024     -3.983152    
  2.627111     -3.935427    
  2.630159     -3.822059    
  2.633186     -3.746380    
  2.633273     -3.785152    
  2.633585     -3.836664    
  2.633672     -3.883791    
  2.634830     -3.951926    
  2.634917     -3.902319    
  2.637233     -3.708363    
  2.637320     -3.649881    
  2.640636     -3.695344    
  2.640723     -3.639238    
  2.642655     -3.844967    
  2.644578     -3.573913    
  2.644665     -3.607832    
  2.646762     -3.802395    
  2.646849     -3.816663    
  2.648478     -3.574101    
  2.648565     -3.619314    
  2.650315     -3.582137    
  2.652023     -3.603449    
  2.652110     -3.631018    
  2.652505     -3.676919    
  2.652592     -3.704392    
  2.653758     -3.732810    
  2.653845     -3.700208    
  2.655848     -3.597054    
  2.655935     -3.599267    
  2.656856     -3.583337    
  2.656938     -3.586802    
  2.657025     -3.587320    
  2.657293     -3.588422    
  2.657380     -3.588510    
  2.657499     -3.588602    
  2.657586     -3.587630    
  2.658483     -3.595331    
  2.658570     -3.600040    
  2.659789     -3.605955    
  2.659876     -3.596877    
  2.660991     -3.582597    
  2.661078     -3.585209    
  2.661711     -3.593184    
  2.661798     -3.596755    
  2.662838     -3.588309    
  2.662925     -3.587737    
  2.663187     -3.591528    
  2.663274     -3.592485    
  2.664415     -3.661096    
  2.664502     -3.661405    
  2.664912     -3.666244    
  2.664998     -3.659990    
  2.667293     -3.597942    
  2.669576     -3.579899    
  2.670713     -3.691794    
  2.671847     -3.767053    
  2.672978     -3.574439    
  2.674106     -3.602172    
  2.674193     -3.610385    
  2.675371     -3.615803    
  2.675458     -3.608818    
  2.676824     -3.599514    
  2.676911     -3.599025    
  2.677751     -3.596745    
  2.677838     -3.597728    
  2.679280     -3.597570    
  2.680718     -3.596373    
  2.682150     -3.595333    
  2.683578     -3.596789    
  2.683665     -3.597290    
  2.684647     -3.598195    
  2.685620     -3.600044    
  2.685707     -3.601689    
  2.685826     -3.603223    
  2.685913     -3.604610    
  2.685988     -3.605968    
  2.686075     -3.607861    
  2.686520     -3.616771    
  2.686607     -3.620211    
  2.687604     -3.602456    
  2.688599     -3.602554    
  2.688686     -3.599886    
  2.689773     -3.620219    
  2.690857     -3.644874    
  2.690927     -3.642000    
  2.691014     -3.645692    
  2.692103     -3.615817    
  2.693191     -3.635673    
  2.693278     -3.626713    
  2.694066     -3.623909    
  2.694852     -3.614364    
  2.694939     -3.608994    
  2.695869     -3.608651    
  2.696798     -3.612339    
  2.697724     -3.613271    
  2.698186     -3.613762    
  2.698648     -3.616526    
  2.698717     -3.616909    
  2.698803     -3.617403    
  2.699142     -3.617824    
  2.699229     -3.617619    
  2.699707     -3.615766    
  2.700184     -3.614790    
  2.700271     -3.614847    
  2.700487     -3.614871    
  2.700532     -3.614902    
  2.700619     -3.614838    
  2.701117     -3.616175    
  2.701615     -3.619394    
  2.702113     -3.621149    
  2.702610     -3.621283    
  2.702697     -3.622156    
  2.704233     -3.618232    
  2.704319     -3.618671    
  2.704748     -3.619907    
  2.704835     -3.620249    
  2.705119     -3.621196    
  2.705206     -3.621922    
  2.706323     -3.621483    
  2.706410     -3.621037    
  2.707308     -3.623185    
  2.707395     -3.623470    
  2.708213     -3.625405    
  2.708300     -3.626128    
  2.708352     -3.626523    
  2.708438     -3.619784    
  2.709271     -3.673298    
  2.709358     -3.702944    
  2.710035     -3.919661    
  2.710122     -3.878672    
  2.712230     -3.574472    
  2.712317     -3.631095    
  2.716395     -3.638987    
  2.716481     -3.642619    
  2.716568     -3.626283    
  2.718970     -3.683743    
  2.721359     -3.625396    
  2.721446     -3.638258    
  2.721792     -3.639515    
  2.721879     -3.607136    
  2.724957     -3.741714    
  2.725044     -3.871541    
  2.725129     -3.882985    
  2.725216     -3.886991    
  2.725341     -3.882025    
  2.725680     -3.784592    
  2.725742     -3.759675    
  2.725829     -3.680641    
  2.727523     -3.638419    
  2.727610     -3.658268    
  2.728146     -3.663646    
  2.728233     -3.661786    
  2.728368     -3.659767    
  2.728455     -3.653389    
  2.730036     -3.646787    
  2.730123     -3.648736    
  2.733154     -3.653563    
  2.733241     -3.654765    
  2.734161     -3.663187    
  2.734248     -3.667404    
  2.735898     -3.662477    
  2.735985     -3.660002    
  2.736079     -3.658667    
  2.737059     -3.658006    
  2.737146     -3.658485    
  2.738167     -3.660665    
  2.738254     -3.661421    
  2.738743     -3.663595    
  2.738830     -3.662937    
  2.740300     -3.664245    
  2.740387     -3.667924    
  2.741620     -3.665734    
  2.741707     -3.665032    
  2.742458     -3.666282    
  2.742545     -3.666726    
  2.742815     -3.667949    
  2.742902     -3.669857    
  2.744731     -3.713045    
  2.744818     -3.671456    
  2.746940     -3.681860    
  2.747027     -3.959001    
  2.749427     -3.724937    
  2.751800     -3.673854    
  2.751887     -3.672885    
  2.752080     -3.673492    
  2.752167     -3.674015    
  2.753428     -3.677629    
  2.753515     -3.677071    
  2.754509     -3.680361    
  2.754596     -3.680795    
  2.754850     -3.681287    
  2.754937     -3.680311    
  2.756686     -3.684387    
  2.756772     -3.687024    
  2.758474     -3.686252    
  2.758561     -3.686279    
  2.759027     -3.687124    
  2.759113     -3.687260    
  2.759268     -3.687495    
  2.759355     -3.687622    
  2.759554     -3.687931    
  2.759641     -3.688078    
  2.759721     -3.688216    
  2.759808     -3.688368    
  2.759911     -3.688544    
  2.759997     -3.688819    
  2.760747     -3.689150    
  2.760833     -3.688512    
  2.762307     -3.690974    
  2.762394     -3.691270    
  2.763464     -3.697446    
  2.763551     -3.697871    
  2.764577     -3.694847    
  2.764664     -3.695361    
  2.764760     -3.695568    
  2.764847     -3.695914    
  2.765400     -3.696591    
  2.765487     -3.696393    
  2.765755     -3.696237    
  2.765842     -3.695935    
  2.766689     -3.698124    
  2.766776     -3.699171    
  2.767568     -3.701821    
  2.767655     -3.701141    
  2.768785     -3.700025    
  2.768842     -3.700434    
  2.768929     -3.700516    
  2.769216     -3.700861    
  2.769303     -3.698709    
  2.770795     -3.712980    
  2.770882     -3.718621    
  2.772541     -3.702461    
  2.772628     -3.705505    
  2.775841     -3.710424    
  2.775928     -3.709460    
  2.777541     -3.713538    
  2.777628     -3.683611    
  2.781421     -3.827148    
  2.781508     -3.989854    
  2.783749     -3.714962    
  2.783836     -3.722247    
  2.784654     -3.724196    
  2.784741     -3.738221    
  2.786316     -3.731593    
  2.786403     -3.655080    
  2.789348     -4.076985    
  2.789435     -3.919462    
  2.792054     -3.678153    
  2.792141     -3.742220    
  2.795962     -3.904580    
  2.796049     -3.778782    
  2.799020     -3.767233    
  2.799107     -4.466389    
  2.799300    -100.00000    
  2.799387    -100.00000    
  2.799738     -5.336835    
  2.799825     -4.945224    
  2.800016     -4.705891    
  2.800103     -4.678694    
  2.800654     -4.618847    
  2.800741     -4.564030    
  2.801158     -4.418023    
  2.801245     -4.387474    
  2.801475     -4.278221    
  2.801562     -4.226679    
  2.802951     -3.859956    
  2.803038     -3.828971    
  2.805926     -3.625404    
  2.808794     -3.745767    
  2.811643     -3.759543    
  2.814474     -3.767390    
  2.814561     -3.767502    
  2.815775     -3.771999    
  2.815862     -3.774829    
  2.816430     -3.793852    
  2.816517     -3.798608    
  2.817018     -3.799867    
  2.817105     -3.783049    
  2.819346     -3.774726    
  2.821577     -3.773084    
  2.823795     -3.905004    
  2.826003     -3.899178    
  2.826090     -3.802839    
  2.829613     -3.792175    
  2.829700     -3.796254    
  2.832995     -3.801460    
  2.833082     -3.803778    
  2.833507     -3.802781    
  2.833594     -3.801256    
  2.836249     -3.805609    
  2.836336     -3.806229    
  2.836442     -3.806774    
  2.836529     -3.806991    
  2.836997     -3.812889    
  2.837085     -3.822377    
  2.839377     -3.818202    
  2.839464     -3.818379    
  2.840418     -3.864835    
  2.840505     -3.840477    
  2.844111     -3.808291    
  2.844198     -3.818352    
  2.844722     -3.819151    
  2.844809     -3.819269    
  2.845614     -3.821596    
  2.845701     -3.822269    
  2.845992     -3.827568    
  2.846079     -3.830517    
  2.846320     -3.845714    
  2.846407     -3.851288    
  2.846929     -3.948059    
  2.847016     -3.981515    
  2.850284     -3.788889    
  2.850371     -3.838168    
  2.851107     -3.987381    
  2.851194     -4.026239    
  2.851272     -4.049750    
  2.851359     -4.075884    
  2.851605     -4.098590    
  2.851692     -4.064997    
  2.852969     -3.795411    
  2.853056     -3.832490    
  2.853657     -3.836514    
  2.853744     -3.809949    
  2.856721     -4.085614    
  2.856808     -3.849850    
  2.859716     -3.846542    
  2.859803     -3.849662    
  2.863196     -3.856441    
  2.863283     -3.856356    
  2.864011     -3.858409    
  2.864097     -3.858112    
  2.864172     -3.858026    
  2.864259     -3.857837    
  2.864857     -3.856528    
  2.864944     -3.855029    
  2.866961     -3.864273    
  2.867048     -3.866673    
  2.869268     -3.862717    
  2.871477     -3.868966    
  2.871560     -3.869701    
  2.871647     -3.870096    
  2.871966     -3.871159    
  2.872053     -3.872206    
  2.874328     -3.877012    
  2.874415     -3.875194    
  2.874725     -3.875161    
  2.874812     -3.874735    
  2.876643     -3.884302    
  2.876730     -3.882119    
  2.877123     -3.880258    
  2.877210     -3.878449    
  2.879985     -3.914231    
  2.880072     -3.887557    
  2.880543     -3.883397    
  2.880630     -3.895151    
  2.882313     -3.910153    
  2.882400     -3.908333    
  2.882670     -3.925645    
  2.882757     -4.116767    
  2.886654     -3.936053    
  2.886741     -3.828091    
  2.887555     -4.071594    
  2.887642     -4.207162    
  2.888507     -4.233230    
  2.888593     -4.059936    
  2.889314     -3.878154    
  2.889401     -3.892171    
  2.891964     -3.921455    
  2.892051     -3.919555    
  2.893704     -4.157318    
  2.893791     -4.053531    
  2.894071     -3.970299    
  2.894158     -3.926682    
  2.895095     -3.906481    
  2.895182     -3.927602    
  2.895490     -3.966806    
  2.895577     -4.026004    
  2.896767     -4.228909    
  2.896854     -4.058263    
  2.897543     -3.936186    
  2.897630     -3.938298    
  2.897787     -3.928910    
  2.897874     -3.870214    
  2.900589     -4.341460    
  2.900676     -4.111261    
  2.901336     -4.221403    
  2.901423     -4.214067    
  2.905026     -3.853817    
  2.905113     -3.926954    
  2.905548     -3.928066    
  2.905635     -3.921460    
  2.907854     -3.967693    
  2.907941     -3.994782    
  2.908098     -4.018975    
  2.908185     -4.035517    
  2.908477     -4.084856    
  2.908564     -4.122686    
  2.909420     -3.984812    
  2.909507     -3.953942    
  2.910090     -3.931219    
  2.910176     -3.938636    
  2.913205     -3.944557    
  2.916212     -3.959676    
  2.916299     -3.965542    
  2.916527     -3.969532    
  2.916614     -3.970232    
  2.916785     -3.970103    
  2.916872     -3.969383    
  2.917171     -3.963417    
  2.917258     -3.959833    
  2.917915     -3.952732    
  2.918002     -3.954946    
  2.921765     -3.962385    
  2.921852     -3.952921    
  2.925029     -3.992060    
  2.925116     -4.064938    
  2.925683     -4.218906    
  2.925770     -4.215447    
  2.925849     -4.214832    
  2.925936     -4.205512    
  2.926028     -4.128775    
  2.927554     -3.933591    
  2.927641     -3.974158    
  2.927759     -3.974548    
  2.927950     -3.974425    
  2.928037     -3.974070    
  2.928671     -3.975599    
  2.928758     -3.975891    
  2.929127     -3.976428    
  2.929213     -3.976547    
  2.929524     -3.977086    
  2.929611     -3.977243    
  2.929967     -3.977824    
  2.930054     -3.977970    
  2.930245     -3.978338    
  2.930332     -3.978518    
  2.930644     -3.979310    
  2.930731     -3.979566    
  2.930963     -3.980321    
  2.931050     -3.980575    
  2.931424     -3.982608    
  2.931511     -3.983028    
  2.932654     -4.000861    
  2.932741     -3.993532    
  2.934646     -3.984638    
  2.934733     -3.986924    
  2.935353     -4.034010    
  2.935440     -4.118002    
  2.936807     -4.227325    
  2.936894     -4.075010    
  2.937412     -3.987434    
  2.937499     -3.991945    
  2.937612     -3.992712    
  2.939332     -3.997850    
  2.939418     -3.998146    
  2.942728     -4.012912    
  2.942815     -4.003243    
  2.943758     -4.010725    
  2.943845     -4.013919    
  2.944074     -4.019888    
  2.944161     -4.022396    
  2.944269     -4.025306    
  2.944356     -4.032060    
  2.945266     -4.020389    
  2.945353     -4.015128    
  2.945461     -4.013082    
  2.945548     -4.011014    
  2.946266     -4.011855    
  2.946353     -4.012458    
  2.946687     -4.012788    
  2.946746     -4.012809    
  2.946833     -4.012810    
  2.950770     -4.020862    
  2.950857     -4.020926    
  2.950995     -4.021231    
  2.951082     -4.021450    
  2.951184     -4.021733    
  2.951271     -4.021994    
  2.951374     -4.022326    
  2.951710     -4.023420    
  2.951797     -4.023787    
  2.952601     -4.025309    
  2.952688     -4.025020    
  2.953750     -4.027251    
  2.953837     -4.028008    
  2.953990     -4.028743    
  2.954077     -4.029173    
  2.954344     -4.030289    
  2.954431     -4.030622    
  2.954816     -4.031229    
  2.954903     -4.031061    
  2.955739     -4.030958    
  2.955826     -4.031320    
  2.956162     -4.032250    
  2.956249     -4.032543    
  2.956346     -4.032850    
  2.956433     -4.033139    
  2.956822     -4.034116    
  2.956909     -4.034292    
  2.957598     -4.035172    
  2.957685     -4.035281    
  2.957790     -4.035378    
  2.958414     -4.036783    
  2.958501     -4.037151    
  2.958622     -4.037616    
  2.958702     -4.037972    
  2.958789     -4.038372    
  2.959196     -4.040596    
  2.959269     -4.040980    
  2.959356     -4.041410    
  2.959481     -4.041955    
  2.959568     -4.042275    
  2.959642     -4.042515    
  2.959729     -4.042759    
  2.959837     -4.043012    
  2.959924     -4.043246    
  2.960694     -4.044303    
  2.960781     -4.044220    
  2.961021     -4.044068    
  2.961108     -4.043976    
  2.961209     -4.049220    
  2.963780     -4.033444    
  2.963867     -3.963166    
  2.965318     -3.937413    
  2.965405     -3.995407    
  2.965574     -4.016758    
  2.965661     -4.008812    
  2.969227     -4.123794    
  2.969314     -4.349649    
  2.969775     -4.334200    
  2.969862     -4.073318    
  2.973340     -3.912380    
  2.973427     -3.910356    
  2.975728     -4.014439    
  2.975815     -4.215966    
  2.976171     -4.377768    
  2.976258     -4.131697    
  2.978818     -3.896928    
  2.981363     -3.937305    
  2.981450     -4.014312    
  2.981881     -4.062317    
  2.981968     -4.064596    
  2.982423     -3.995772    
  2.982509     -3.970614    
  2.982872     -3.918988    
  2.982959     -3.947017    
  2.985874     -4.001434    
  2.988770     -3.920754    
  2.991646     -4.026564    
  2.994503     -3.961802    
  2.997342     -3.964556    
  3.000163     -4.046793    
  3.002965     -4.007269    
  3.005749     -3.989132    
  3.005836     -3.985489    
  3.006630     -3.986564    
  3.006717     -3.992938    
  3.007954     -3.999912    
  3.008041     -4.001200    
  3.008392     -4.007616    
  3.008479     -4.012013    
  3.010859     -3.984994    
  3.010946     -3.997749    
  3.013057     -3.999340    
  3.013144     -4.000047    
  3.013729     -4.002589    
  3.013816     -3.987386    
  3.016122     -4.319806    
  3.018416     -4.108922    
  3.020698     -3.905401    
  3.022969     -4.010110    
  3.023055     -4.000786    
  3.024662     -4.012614    
  3.024749     -4.013320    
  3.028439     -4.025813    
  3.028494     -4.040158    
  3.028581     -4.022494    
  3.032876     -4.054026    
  3.032963     -4.038329    
  3.036875     -4.038409    
  3.040752     -4.139355    
  3.040839     -4.064509    
  3.041101     -4.062557    
  3.041162     -4.063488    
  3.041249     -4.065003    
  3.041713     -4.062298    
  3.041799     -4.053529    
  3.043740     -4.071734    
  3.043827     -4.064066    
  3.047060     -4.076413    
  3.050270     -4.072090    
  3.053456     -4.129599    
  3.056619     -4.259721    
  3.056706     -4.235271    
  3.057754     -4.083535    
  3.057841     -4.097923    
  3.061408     -4.111810    
  3.064946     -4.123556    
  3.068455     -4.129867    
  3.071937     -4.174472    
  3.072024     -4.200777    
  3.074334     -4.153271    
  3.076631     -4.148638    
  3.078917     -4.152567    
  3.081191     -4.158952    
  3.081278     -4.160014    
  3.083519     -4.168286    
  3.085748     -4.172604    
  3.085835     -4.169846    
  3.088164     -4.198996    
  3.088251     -4.337778    
  3.091849     -4.170962    
  3.091936     -4.193824    
  3.092346     -4.193828    
  3.092433     -4.193401    
  3.092941     -4.194411    
  3.093028     -4.195639    
  3.093146     -4.196633    
  3.093327     -4.205514    
  3.093414     -4.230612    
  3.093732     -4.284010    
  3.093819     -4.279923    
  3.096179     -4.216706    
  3.096266     -4.366211    
  3.099391     -4.226371    
  3.099477     -4.185349    
  3.099969     -4.197402    
  3.100056     -4.196237    
  3.102781     -4.228754    
  3.105490     -4.249894    
  3.105576     -4.231320    
  3.106804     -4.249647    
  3.106891     -4.253152    
  3.107347     -4.248019    
  3.107434     -4.242535    
  3.109726     -4.251038    
  3.112005     -4.259296    
  3.112092     -4.258181    
  3.114687     -4.263645    
  3.114774     -4.256504    
  3.114901     -4.256326    
  3.114988     -4.255943    
  3.115819     -4.260955    
  3.115905     -4.261819    
  3.116258     -4.264426    
  3.116345     -4.264747    
  3.116978     -4.275049    
  3.117065     -4.278601    
  3.117740     -4.278068    
  3.117827     -4.274689    
  3.118223     -4.270103    
  3.118310     -4.269448    
  3.121475     -4.282207    
  3.124616     -4.303915    
  3.124703     -4.326415    
  3.125997     -4.328935    
  3.126084     -4.307942    
  3.127687     -4.299905    
  3.127774     -4.287966    
  3.131998     -4.399329    
  3.136182     -4.291840    
  3.136269     -4.316040    
  3.139047     -4.389606    
  3.139134     -4.334014    
  3.141361     -4.556365    
  3.143577     -4.363911    
  3.143664     -4.401808    
  3.144101     -4.383494    
  3.144188     -4.343221    
  3.146758     -4.402136    
  3.146845     -4.410678    
  3.146975     -4.400974    
  3.147795     -4.356244    
  3.147882     -4.357853    
  3.148729     -4.442792    
  3.148816     -4.480815    
  3.149747     -4.541424    
  3.149834     -4.423629    
  3.152544     -4.417579    
  3.152631     -4.465594    
  3.153068     -4.492115    
  3.153155     -4.488216    
  3.153381     -4.476464    
  3.153434     -4.471445    
  3.153521     -4.417101    
  3.156074     -4.426651    
  3.156161     -4.421870    
  3.159418     -4.396471    
  3.159505     -4.462676    
  3.161763     -4.398538    
  3.164009     -4.463675    
  3.164096     -4.423683    
  3.164633     -4.453157    
  3.164720     -4.453504    
  3.167983     -4.464430    
  3.168070     -4.469346    
  3.171670     -4.480811    
  3.171756     -4.477345    
  3.173578     -4.441174    
  3.173665     -4.443153    
  3.174167     -4.454925    
  3.174254     -4.451421    
  3.176868     -4.446408    
  3.179466     -4.450569    
  3.179553     -4.463211    
  3.181675     -4.539383    
  3.181761     -4.457012    
  3.184969     -4.461556    
  3.185055     -4.465395    
  3.186087     -4.470159    
  3.186174     -4.468871    
  3.187477     -4.468487    
  3.187564     -4.470008    
  3.188338     -4.475786    
  3.188425     -4.491708    
  3.190962     -4.486935    
  3.191049     -4.478640    
  3.191119     -4.478885    
  3.191206     -4.478707    
  3.192224     -4.485818    
  3.192311     -4.429960    
  3.194885     -5.580206    
  3.194972     -4.791649    
  3.196916     -4.445950    
  3.197003     -4.500277    
  3.199803     -4.507981    
  3.199889     -4.508084    
  3.202144     -4.514248    
  3.202231     -4.514189    
  3.203162     -4.517787    
  3.203250     -4.519816    
  3.204674     -4.532901    
  3.204761     -4.526475    
  3.207365     -4.530170    
  3.207452     -4.535579    
  3.209135     -4.536333    
  3.209222     -4.535699    
  3.209715     -4.537765    
  3.209802     -4.538366    
  3.211715     -4.546485    
  3.211802     -4.548395    
  3.213879     -4.556831    
  3.213966     -4.563423    
  3.217704     -4.561971    
  3.217791     -4.563154    
  3.218164     -4.571734    
  3.218251     -4.576784    
  3.218329     -4.581547    
  3.218415     -4.663851    
  3.221712     -4.569347    
  3.224985     -4.586935    
  3.225071     -4.586528    
  3.225939     -4.587021    
  3.226025     -4.587029    
  3.229709     -4.602065    
  3.233361     -4.610305    
  3.233448     -4.610980    
  3.236377     -4.622833    
  3.236464     -4.622915    
  3.237982     -4.627541    
  3.238069     -4.683890    
  3.240875     -4.678517    
  3.243664     -4.645173    
  3.246434     -4.653389    
  3.249187     -4.661649    
  3.249274     -4.670827    
  3.251238     -4.674134    
  3.251325     -4.667422    
  3.251523     -4.667742    
  3.251610     -4.668496    
  3.254140     -4.677041    
  3.256654     -4.690263    
  3.259155     -4.694432    
  3.261641     -4.701924    
  3.261728     -4.702223    
  3.263462     -4.707544    
  3.263549     -4.708851    
  3.267500     -4.719796    
  3.271415     -4.733309    
  3.271502     -4.733348    
  3.273253     -4.740032    
  3.273340     -4.743175    
  3.276754     -4.763837    
  3.276841     -4.750376    
  3.279706     -4.760408    
  3.279793     -4.769579    
  3.283538     -4.782896    
  3.283625     -4.773486    
  3.287537     -4.785165    
  3.291415     -4.803051    
  3.291501     -4.799707    
  3.292656     -4.802048    
  3.292743     -4.803365    
  3.294670     -4.808998    
  3.294757     -4.809218    
  3.295898     -4.813185    
  3.295985     -4.813510    
  3.296762     -4.816011    
  3.296849     -4.816283    
  3.299441     -4.824851    
  3.299528     -4.825147    
  3.302769     -4.836076    
  3.305985     -4.846330    
  3.306072     -4.846681    
  3.306887     -4.849433    
  3.306974     -4.849806    
  3.309364     -4.857715    
  3.309451     -4.858014    
  3.309850     -4.859468    
  3.309937     -4.859827    
  3.310624     -4.862243    
  3.310710     -4.862475    
  3.310978     -4.863264    
  3.311065     -4.863513    
  3.311327     -4.864293    
  3.311414     -4.864555    
  3.311825     -4.865915    
  3.311912     -4.866234    
  3.312020     -4.866637    
  3.312107     -4.870291    
  3.316141     -4.875021    
  3.320138     -4.898325    
  3.324098     -4.903504    
  3.328023     -4.920716    
  3.331913     -4.921966    
  3.335768     -4.949182    
  3.339589     -4.956729    
  3.343376     -4.964988    
  3.343463     -4.983106    
  3.347340     -4.972871    
  3.351182     -5.004534    
  3.351269     -4.986634    
  3.351385     -4.987534    
  3.351681     -4.989212    
  3.351768     -4.989464    
  3.352401     -4.991692    
  3.352488     -4.991984    
  3.355279     -5.001325    
  3.358053     -5.027958    
  3.360809     -5.019306    
  3.363548     -5.029411    
  3.363635     -5.026042    
  3.365480     -5.054024    
  3.365567     -5.041033    
  3.367434     -5.081728    
  3.367521     -5.091676    
  3.368315     -5.047404    
  3.368402     -5.044292    
  3.369769     -5.050390    
  3.369856     -5.050355    
  3.371823     -5.057120    
  3.371910     -5.057342    
  3.373625     -5.062702    
  3.373712     -5.063320    
  3.376444     -5.072729    
  3.379159     -5.082181    
  3.379246     -5.069552    
  3.382086     -5.132493    
  3.382173     -5.114371    
  3.385882     -5.097064    
  3.385969     -5.105505    
  3.389792     -5.119304    
  3.389879     -5.127909    
  3.392466     -5.127871    
  3.395039     -5.137379    
  3.395126     -5.137380    
  3.395227     -5.137644    
  3.395313     -5.137802    
  3.396540     -5.141912    
  3.396627     -5.142183    
  3.398416     -5.148431    
  3.398503     -5.148672    
  3.400855     -5.156840    
  3.400942     -5.156482    
  3.402428     -5.164344    
  3.402515     -5.165974    
  3.403535     -5.196875    
  3.403595     -5.200950    
  3.403681     -5.205040    
  3.404126     -5.228358    
  3.404213     -5.220812    
  3.406921     -5.172336    
  3.409611     -5.186601    
  3.412285     -5.196611    
  3.414942     -5.205804    
  3.415029     -5.200584    
  3.419274     -5.236019    
  3.419361     -5.228861    
  3.422408     -5.231310    
  3.425434     -5.242378    
  3.428438     -5.253357    
  3.431422     -5.263641    
  3.431509     -5.263855    
  3.434923     -5.275975    
  3.435010     -5.275595    
  3.437512     -5.284889    
  3.440000     -5.315609    
  3.442474     -5.314503    
  3.444934     -5.311692    
  3.445021     -5.311748    
  3.447524     -5.320718    
  3.450001     -5.329683    
  3.452464     -5.338093    
  3.454914     -5.347557    
  3.455001     -5.349807    
  3.457947     -5.357367    
  3.460873     -5.367993    
  3.463780     -5.380502    
  3.466667     -5.388077    
  3.466754     -5.389236    
  3.467583     -5.391966    
  3.467670     -5.390903    
  3.469453     -5.400849    
  3.469540     -5.403650    
  3.469843     -5.406005    
  3.469930     -5.406393    
  3.471179     -5.403041    
  3.471266     -5.404471    
  3.472928     -5.411490    
  3.473015     -5.411760    
  3.474100     -5.415646    
  3.474187     -5.415930    
  3.476423     -5.423907    
  3.478648     -5.433424    
  3.480861     -5.440129    
  3.483063     -5.446636    
  3.483150     -5.447684    
  3.485957     -5.458708    
  3.486044     -5.458819    
  3.486320     -5.460110    
  3.486406     -5.462070    
  3.490677     -5.481949    
  3.490763     -5.501591    
  3.491053     -5.509137    
  3.491140     -5.495081    
  3.494277     -5.481601    
  3.494364     -5.488971    
  3.498611     -5.502986    
  3.502817     -5.520798    
  3.502904     -5.519883    
  3.503878     -5.525051    
  3.503965     -5.525739    
  3.504018     -5.526029    
  3.504105     -5.526758    
  3.505720     -5.529720    
  3.505807     -5.530563    
  3.505952     -5.531142    
  3.506039     -5.531515    
  3.507256     -5.535893    
  3.507343     -5.517041    
  3.510290     -5.595571    
  3.513217     -5.545309    
  3.513304     -5.557956    
  3.515836     -5.567225    
  3.515923     -5.567455    
  3.519853     -5.581195    
  3.523748     -5.595953    
  3.527609     -5.611823    
  3.531435     -5.625529    
  3.531522     -5.625269    
  3.532475     -5.628573    
  3.532562     -5.627046    
  3.534135     -5.640755    
  3.534222     -5.646481    
  3.536814     -5.641899    
  3.539391     -5.654903    
  3.541953     -5.664405    
  3.544500     -5.673257    
  3.544586     -5.674098    
  3.545154     -5.679145    
  3.545241     -5.682608    
  3.547702     -5.684395    
  3.550148     -5.693782    
  3.550235     -5.694141    
  3.552154     -5.701328    
  3.552241     -5.701503    
  3.555627     -5.714602    
  3.555714     -5.716556    
  3.556728     -5.721375    
  3.556815     -5.720199    
  3.557696     -5.721424    
  3.557783     -5.722240    
  3.558846     -5.726283    
  3.558933     -5.726584    
  3.559291     -5.727919    
  3.559378     -5.728228    
  3.560851     -5.733727    
  3.560938     -5.734028    
  3.560993     -5.734228    
  3.561060     -5.734468    
  3.561106     -5.734635    
  3.561368     -5.735588    
  3.561455     -5.735907    
  3.561549     -5.736251    
  3.561702     -5.736820    
  3.561789     -5.737144    
  3.561899     -5.737552    
  3.561986     -5.737877    
  3.562293     -5.739504    
  3.565681     -5.750402    
  3.565768     -5.735825    
  3.568654     -5.718471    
  3.568741     -5.727828    
  3.571441     -5.771215    
  3.574124     -5.767332    
  3.576791     -5.782483    
  3.579441     -5.791664    
  3.582076     -5.785726    
  3.584694     -5.810518    
  3.587297     -5.816556    
  3.589884     -5.810702    
  3.592456     -5.810787    
  3.595013     -5.853084    
  3.597555     -5.840493    
  3.600082     -5.836101    
  3.602595     -5.889582    
  3.605093     -5.853600    
  3.607577     -5.867178    
  3.610046     -5.899345    
  3.610133     -5.877441    
  3.614107     -5.881788    
  3.618044     -5.971185    
  3.618131     -5.921384    
  3.619067     -5.902537    
  3.619154     -5.910142    
  3.620519     -5.914748    
  3.620606     -5.915190    
  3.621853     -5.919721    
  3.621940     -5.920141    
  3.624928     -5.926361    
  3.627896     -5.970809    
  3.627982     -5.957582    
  3.630428     -5.947108    
  3.631423     -5.955054    
  3.631510     -5.955388    
  3.632293     -5.958190    
  3.632379     -5.958512    
  3.635363     -5.969565    
  3.638325     -5.978055    
  3.641268     -6.039272    
  3.644191     -5.987312    
  3.644278     -6.002646    
  3.646967     -6.012199    
  3.649640     -6.022460    
  3.652297     -6.032298    
  3.654938     -6.042524    
  3.655025     -6.042043    
  3.657211     -6.051471    
  3.659385     -6.058329    
  3.659472     -6.070748    
  3.663615     -6.089575    
  3.663702     -6.074616    
  3.666918     -6.086626    
  3.670110     -6.098378    
  3.670197     -6.099210    
  3.674031     -6.127960    
  3.677831     -6.127076    
  3.681598     -6.141454    
  3.685333     -6.154582    
  3.685420     -6.155379    
  3.688862     -6.168627    
  3.688948     -6.156849    
  3.690731     -6.217397    
  3.690818     -6.260448    
  3.691459     -6.278119    
  3.691546     -6.206249    
  3.694812     -6.179356    
  3.694898     -6.191007    
  3.695365     -6.192757    
  3.695452     -6.193074    
  3.695518     -6.193319    
  3.695605     -6.193641    
  3.695795     -6.194345    
  3.695882     -6.194265    
  3.698786     -6.206011    
  3.701671     -6.216438    
  3.704537     -6.227213    
  3.707385     -6.237920    
  3.710214     -6.248574    
  3.712650     -6.257731    
  3.713024     -6.259094    
  3.715817     -6.269684    
  3.718591     -6.280131    
  3.718678     -6.280459    
  3.719476     -6.283458    
  3.719563     -6.283783    
  3.719779     -6.284597    
  3.719866     -6.284916    
  3.720741     -6.288308    
  3.720828     -6.288688    
  3.721919     -6.292737    
  3.722006     -6.293235    
  3.725983     -6.307496    
  3.726071     -6.307607    
  3.729627     -6.321977    
  3.733155     -6.335070    
  3.736655     -6.373198    
  3.740126     -6.359146    
  3.740213     -6.361792    
  3.740628     -6.363450    
  3.740715     -6.363703    
  3.743507     -6.374431    
  3.746281     -6.384763    
  3.749037     -6.395503    
  3.751777     -6.405444    
  3.751863     -6.405604    
  3.753882     -6.413964    
  3.753969     -6.414176    
  3.754658     -6.416785    
  3.754745     -6.417113    
  3.755217     -6.418916    
  3.755304     -6.419248    
  3.755522     -6.420079    
  3.755609     -6.420409    
  3.755717     -6.420817    
  3.755803     -6.421144    
  3.758636     -6.432090    
  3.761450     -6.439998    
  3.764246     -6.451087    
  3.767024     -6.458017    
  3.769784     -6.470023    
  3.772527     -6.484742    
  3.775252     -6.493718    
  3.777961     -6.506204    
  3.778048     -6.505992    
  3.778151     -6.506015    
  3.781161     -6.517798    
  3.784252     -6.529844    
  3.787320     -6.541757    
  3.790368     -6.553251    
  3.793394     -6.563559    
  3.796399     -6.573592    
  3.799384     -6.590867    
  3.802348     -6.594849    
  3.802435     -6.595682    
  3.804079     -6.607437    
  3.804166     -6.615435    
  3.806009     -6.609062    
  3.806096     -6.611023    
  3.807545     -6.616570    
  3.807632     -6.616920    
  3.808324     -6.619609    
  3.808411     -6.619946    
  3.809448     -6.624240    
  3.809535     -6.624599    
  3.809815     -6.626020    
  3.809902     -6.626145    
  3.810494     -6.633523    
  3.810581     -6.637109    
  3.811377     -6.644006    
  3.811464     -6.641074    
  3.811517     -6.640396    
  3.811568     -6.639715    
  3.811655     -6.634164    
  3.814154     -6.641608    
  3.816638     -6.649915    
  3.819108     -6.660498    
  3.821564     -6.750110    
  3.821651     -6.708605    
  3.825835     -6.677098    
  3.829979     -6.710470    
  3.834084     -6.718484    
  3.838150     -6.734765    
  3.838237     -6.732409    
  3.842494     -6.761413    
  3.846710     -6.765524    
  3.850885     -6.784076    
  3.855020     -6.800474    
  3.859117     -6.823630    
  3.863175     -6.831596    
  3.867196     -6.847652    
  3.871179     -6.863254    
  3.871266     -6.863586    
  3.873943     -6.874086    
  3.876604     -6.884456    
  3.879249     -6.894760    
  3.881877     -6.903217    
  3.884490     -6.934044    
  3.887087     -6.921499    
  3.889668     -6.935499    
  3.892234     -6.945584    
  3.892321     -6.945962    
  3.894387     -6.954071    
  3.894474     -6.954419    
  3.896928     -6.964054    
  3.899368     -6.973630    
  3.901795     -6.983146    
  3.904208     -6.992625    
  3.904295     -6.992908    
  3.906505     -7.001627    
  3.908704     -7.010038    
  3.910891     -7.018930    
  3.913068     -7.027482    
  3.913155     -7.027820    
  3.913273     -7.028284    
  3.913769     -7.030231    
  3.913856     -7.030573    
  3.913972     -7.031027    
  3.914081     -7.031458    
  3.914168     -7.031799    
  3.916915     -7.042623    
  3.917002     -7.044026    
  3.919240     -7.056422    
  3.921466     -7.056475    
  3.923680     -7.060475    
  3.925884     -7.071078    
  3.928076     -7.085263    
  3.930258     -7.092372    
  3.934588     -7.108763    
  3.938875     -7.125099    
  3.943121     -7.140670    
  3.947325     -7.160745    
  3.951490     -7.179628    
  3.955614     -7.181419    
  3.959700     -7.214145    
  3.963748     -7.219274    
  3.967758     -7.239058    
  3.971732     -7.247973    
  3.975669     -7.284838    
  3.979571     -7.278738    
  3.983439     -7.298111    
  3.983526     -7.326711    
  3.986294     -7.304857    
  3.989045     -7.318211    
  3.991778     -7.327976    
  3.994495     -7.346039    
  3.997194     -7.350114    
  3.999877     -7.361212    
  4.002544     -7.371769    
  4.005194     -7.389550    
  4.007828     -7.395240    
  4.010446     -7.454090    
  4.013048     -7.411356    
  4.015635     -7.423884    
  4.018207     -7.434148    
  4.020764     -7.445689    
  4.023305     -7.459471    
  4.025832     -7.464687    
  4.025919     -7.464889    
  4.029064     -7.477375    
  4.032186     -7.489839    
  4.035287     -7.502196    
  4.038365     -7.514551    
  4.038452     -7.515186    
  4.040802     -7.521447    
  4.043140     -7.556377    
  4.045465     -7.537847    
  4.047778     -7.551967    
  4.047865     -7.552409    
  4.051161     -7.565581    
  4.054403     -7.577682    
  4.057621     -7.590665    
  4.060815     -7.603439    
  4.063986     -7.616138    
  4.067134     -7.624630    
  4.070259     -7.663682    
  4.073362     -7.653659    
  4.073449     -7.654105    
  4.076278     -7.665579    
  4.079089     -7.675434    
  4.081882     -7.687855    
  4.084657     -7.699977    
  4.087414     -7.711561    
  4.090154     -7.721826    
  4.092877     -7.732166    
  4.095582     -7.743276    
  4.098272     -7.755445    
  4.100944     -7.763605    
  4.103600     -7.777091    
  4.106240     -7.785056    
  4.108864     -7.798529    
  4.111473     -7.811921    
  4.114065     -7.816068    
  4.116643     -7.828622    
  4.119205     -7.837900    
  4.121752     -7.848403    
  4.124284     -7.860125    
  4.126802     -7.868512    
  4.129305     -7.878529    
  4.131793     -7.890541    
  4.134268     -7.899082    
  4.136729     -7.908477    
  4.139175     -7.918323    
  4.141608     -7.927758    
  4.144027     -7.941863    
  4.146433     -7.946776    
  4.148826     -7.957274    
  4.151206     -7.966821    
  4.153573     -7.976375    
  4.155926     -7.985869    
  4.156013     -7.984619    
  4.158880     -8.002133    
  4.161727     -8.007255    
  4.161814     -8.009598    
  4.163762     -8.017487    
  4.163849     -8.017827    
  4.163959     -8.018268    
  4.164046     -8.018642    
  4.167624     -8.032470    
  4.171174     -8.044066    
  4.174695     -8.063692    
  4.178188     -8.075519    
  4.181653     -8.087201    
  4.185090     -8.102711    
  4.188500     -8.116614    
  4.191884     -8.130220    
  4.195242     -8.143473    
  4.198574     -8.155691    
  4.201880     -8.171868    
  4.205162     -8.185646    
  4.208419     -8.192784    
  4.211651     -8.212562    
  4.214860     -8.220723    
  4.218045     -8.235764    
  4.221207     -8.247169    
  4.224347     -8.260156    
  4.227463     -8.270373    
  4.230558     -8.288393    
  4.233630     -8.299460    
  4.236681     -8.310166    
  4.239711     -8.321239    
  4.242720     -8.335631    
  4.245708     -8.346291    
  4.248675     -8.357424    
  4.251623     -8.370061    
  4.254550     -8.381379    
  4.257458     -8.392886    
  4.260347     -8.404386    
  4.263217     -8.420237    
  4.266067     -8.425715    
  4.266154     -8.428004    
  4.269157     -8.440109    
  4.272139     -8.452328    
  4.275101     -8.468966    
  4.278043     -8.433132    
  4.280965     -8.491041    
  4.283867     -8.499251    
  4.286751     -8.511030    
  4.289615     -8.522367    
  4.292460     -8.535535    
  4.295287     -8.544616    
  4.298096     -8.556542    
  4.300886     -8.567802    
  4.303659     -8.579004    
  4.306414     -8.590060    
  4.309152     -8.601079    
  4.311873     -8.612282    
  4.314576     -8.623691    
  4.317263     -8.633844    
  4.319934     -8.645233    
  4.322588     -8.657216    
  4.325226     -8.665612    
  4.327848     -8.676188    
  4.330454     -8.687163    
  4.333045     -8.697062    
  4.335621     -8.707876    
  4.338181     -8.717523    
  4.340726     -8.723826    
  4.343256     -8.738355    
  4.345772     -8.747173    
  4.348274     -8.758477    
  4.350760     -8.768586    
  4.353233     -8.778208    
  4.353320     -8.778525    
  4.356074     -8.789600    
  4.356161     -8.789965    
  4.357582     -8.795632    
  4.357669     -8.796075    
  4.357779     -8.796576    
  4.357865     -8.797430    
  4.360696     -8.808090    
  4.363507     -8.818461    
  4.366301     -8.829602    
  4.369077     -8.841384    
  4.371835     -8.851790    
  4.374576     -8.863567    
  4.377300     -8.873484    
  4.380006     -8.885056    
  4.382696     -8.895232    
  4.385369     -8.906522    
  4.388026     -8.916954    
  4.390667     -8.927814    
  4.393292     -8.938386    
  4.395901     -8.948912    
  4.398495     -8.958633    
  4.401073     -8.969747    
  4.403636     -8.978902    
  4.406183     -8.990154    
  4.408716     -8.999282    
  4.411235     -9.009335    
  4.413739     -9.020236    
  4.416228     -9.029391    
  4.418703     -9.039213    
  4.421164     -9.054196    
  4.423612     -9.032988    
  4.426045     -9.072438    
  4.428465     -9.078247    
  4.430872     -9.088669    
  4.433266     -9.097292    
  4.435646     -9.107094    
  4.438013     -9.116409    
  4.440368     -9.125757    
  4.440455     -9.126117    
  4.442913     -9.135749    
  4.445357     -9.146221    
  4.447787     -9.155238    
  4.450204     -9.164936    
  4.452608     -9.175895    
  4.454999     -9.171124    
  4.457376     -9.194546    
  4.459740     -9.202985    
  4.462092     -9.212351    
  4.464431     -9.221092    
  4.466757     -9.230902    
  4.469071     -9.240127    
  4.471373     -9.249277    
  4.473663     -9.258519    
  4.475940     -9.267462    
  4.478206     -9.275034    
  4.512937     -9.413412    
  4.513024     -9.415139    
  4.514610     -9.421454    
  4.514697     -9.421800    
  4.515945     -9.426784    
  4.516032     -9.427128    
  4.516141     -9.427564    
  4.516228     -9.429066    
  4.585469     -9.704146    
  4.585556     -9.700033    
  4.648489     -9.949902    
  4.648576     -9.951869    
  4.649548     -9.956103    
  4.649635     -9.956437    
  4.649838     -9.957269    
  4.649925     -9.957615    
  4.650035     -9.958047    
  4.650122     -9.957391    
  4.709765     -10.19177    
  4.709852     -10.19413    
  4.765753     -10.41325    
  4.765822     -10.41431    
  4.765909     -10.41465    
  4.766019     -10.41508    
  4.766106     -10.41551    
  4.818480     -10.62430    
  4.818567     -10.62302    
  4.868094     -10.81800    
  4.868152     -10.82164    
  4.868214     -10.82189    
  4.868324     -10.82233    
  4.868411     -10.81124    
  4.915089     -11.01523    
  4.915176     -11.01125    
  4.959449     -11.19003    
  4.959536     -11.18955    
  4.959642     -11.18998    
  4.959729     -11.19035    
  4.959839     -11.19080    
  4.959925     -11.19245    
  5.002021     -11.35417    
  5.002108     -11.36253    
  5.041986     -11.52510    
  5.042072     -11.52453    
  5.042428     -11.52598    
  5.042515     -11.52634    
  5.042624     -11.52678    
  5.042711     -11.52715    
  5.081038     -11.68416    
  5.081125     -11.68073    
  5.117569     -11.83190    
  5.117655     -11.83361    
  5.118005     -11.83504    
  5.118092     -11.83540    
  5.118201     -11.83585    
  5.118288     -11.82667    
  5.153462     -11.98530    
  5.153549     -11.98164    
  5.187204     -12.11989    
  5.187290     -12.11964    
  5.187529     -12.12056    
  5.187616     -12.12092    
  5.187725     -12.12138    
  5.187812     -12.12331    
  5.251180     -12.38041    
  5.251266     -12.38223    
  5.251931     -12.38505    
  5.252018     -12.38541    
  5.252095     -12.38572    
  5.252182     -12.38695    
  5.311750     -12.62979    
  5.311837     -12.63059    
  5.311944     -12.63103    
  5.312021     -12.63134    
  5.312108     -12.63334    
  5.368079     -12.85756    
  5.368165     -12.86078    
  5.420736     -13.07691    
  5.420823     -13.07557    
  5.470384     -13.27401    
  5.470471     -13.27829    
  5.517346     -13.46857    
  5.517433     -13.46774    
  5.561899     -13.64657    
  5.561985     -13.64887    
  5.604277     -13.81696    
  5.604364     -13.81913    
  5.644684     -13.97813    
  5.644771     -14.01299    
  6.106851     -16.13099    
  6.325628     -16.71572    
  6.578841     -17.72206    
  6.853831     -18.78707    
  7.141231     -19.83972    
  7.435283     -20.81982    
  7.732781     -21.69666    
  8.032034     -22.50316    
  8.332173     -23.27648    
  8.632756     -24.07323    
  8.933563    -100.00000    
